##TITLE=Parameter List, ParaVision 6.0.1
##JCAMPDX=4.24
##DATATYPE=Parameter Values
##ORIGIN=Bruker BioSpin MRI GmbH
##OWNER=sylvain
$$ 2017-07-14 17:14:58.819 +0200  sylvain@DOJO
$$ /opt/PV6.0.1/data/sylvain/20170714_154543_AT_7T_CSMP2RAGE_Meta11_1_1/13/method
$$ process /opt/PV6.0.1/prog/mod/acq_out
##$Method=<User:a_MP2RAGE_CS>
##$PVM_EchoTime=3.2533884312155
##$PVM_RepetitionTime=7
##$PVM_NEchoImages=2
##$PVM_NAverages=1
##$PVM_NRepetitions=1
$$ @vis= Method PVM_EchoTime PVM_RepetitionTime PVM_NEchoImages PVM_NAverages
##$PVM_ScanTimeStr=( 16 )
<0h0m57s344ms>
##$PVM_ScanTime=57344
##$PVM_DeriveGains=Yes
##$ExcPulse1Enum=<sinc10H>
##$ExcPulse1=(1, 20000, 7, No, 3, 20000, 0.0501686782, 0.0485421467643629, 0, 
50, 5.50361310774453, <sinc10H.exc>)
$$ @vis= PVM_NRepetitions PVM_ScanTimeStr PVM_DeriveGains ExcPulse1Enum
##$ExcPulse1Ampl=(5.50361310774453, 16.5885700223746, -7.40647896325309)
##$ExcPulse2Enum=<sinc10H>
##$ExcPulse2=(1, 20000, 7, No, 3, 20000, 0.0501686782, 0.0485421467643629, 0, 
50, 5.50361310774453, <sinc10H.exc>)
##$ExcPulse2Ampl=(5.50361310774453, 16.5885700223746, -7.40647896325309)
##$PVM_GradCalConst=28880.5
##$PVM_Nucleus1Enum=<1H>
$$ @vis= ExcPulse1 ExcPulse2Enum ExcPulse2 RF_Pulses PVM_GradCalConst
##$PVM_Nucleus1=( 8 )
<1H>
##$PVM_RefPowMod1=AutoAdj
##$PVM_RefPowCh1=2.28982426231801
##$PVM_RefPowStat1=( 1024 )
<Study: Adj by AdjRefG (protocol ADJ_REFG)>
$$ @vis= PVM_Nucleus1Enum PVM_Nucleus1 PVM_RefPowMod1 PVM_RefPowCh1
##$PVM_Nucleus2Enum=<1H>
##$PVM_Nucleus3Enum=<1H>
##$PVM_Nucleus4Enum=<1H>
##$PVM_Nucleus5Enum=<1H>
##$PVM_Nucleus6Enum=<1H>
##$PVM_Nucleus7Enum=<1H>
##$PVM_Nucleus8Enum=<1H>
##$PVM_FrqRef=( 8 )
300.33147067979 0 0 0 0 0 0 0
##$PVM_FrqWorkOffset=( 8 )
0 0 0 0 0 0 0 0
##$PVM_FrqWork=( 8 )
300.33147067979 0 0 0 0 0 0 0
##$PVM_FrqRefPpm=( 8 )
4.7 0 0 0 0 0 0 0
$$ @vis= PVM_RefPowStat1 PVM_FrqRef PVM_FrqWorkOffset PVM_FrqWork
##$PVM_FrqWorkOffsetPpm=( 8 )
0 0 0 0 0 0 0 0
##$PVM_FrqWorkPpm=( 8 )
4.7 0 0 0 0 0 0 0
##$PVM_NucleiPpmWork=( 20 )
(<1H>, 4.7) (<none>, 0) (<none>, 0) (<none>, 0) (<none>, 0) (<none>, 0) 
(<none>, 0) (<none>, 0) (<none>, 0) (<none>, 0) (<none>, 0) (<none>, 0) 
(<none>, 0) (<none>, 0) (<none>, 0) (<none>, 0) (<none>, 0) (<none>, 0) 
(<none>, 0) (<none>, 0)
$$ @vis= PVM_FrqRefPpm PVM_FrqWorkOffsetPpm PVM_FrqWorkPpm PVM_NucleiPpmWork
##$PVM_SpatDimEnum=<3D>
##$PVM_IsotropicFovRes=Isot_None
##$PVM_Matrix=( 3 )
128 128 64
##$PVM_MinMatrix=( 3 )
32 32 8
##$PVM_MaxMatrix=( 3 )
2048 2048 512
$$ @vis= Nuclei PVM_SpatDimEnum PVM_IsotropicFovRes PVM_Matrix PVM_MinMatrix
##$PVM_DefMatrix=( 3 )
128 128 64
##$PVM_AntiAlias=( 3 )
1 1 1
##$PVM_MaxAntiAlias=( 3 )
2 8 8
##$PVM_EncSpectroscopy=No
$$ @vis= PVM_MaxMatrix PVM_DefMatrix PVM_AntiAlias PVM_MaxAntiAlias
##$PVM_EncUseMultiRec=Yes
##$PVM_EncActReceivers=( 4 )
On On On On
##$PVM_EncZf=( 3 )
1 1 1
##$PVM_EncPft=( 3 )
1 1 1
$$ @vis= PVM_EncSpectroscopy PVM_EncUseMultiRec PVM_EncActReceivers PVM_EncZf
##$PVM_EncPftOverscans=( 3 )
64 64 32
##$PVM_EncPpi=( 3 )
1 1 1
##$PVM_EncPpiRefLines=( 3 )
0 0 0
##$PVM_EncOrder=( 3 )
LINEAR_ENC LINEAR_ENC LINEAR_ENC
##$PVM_EncStart=( 3 )
0 -1 -1
##$PVM_EncNReceivers=4
$$ @vis= PVM_EncPft PVM_EncPftOverscans PVM_EncPpi PVM_EncOrder PVM_EncStart
##$PVM_EncAvailReceivers=16
##$PVM_EncChanScaling=( 4 )
0.966 1 0.844 0.896
##$PVM_EncMatrix=( 3 )
128 128 64
$$ @vis= PVM_EncNReceivers PVM_EncAvailReceivers PVM_EncChanScaling
##$PVM_EncTotalAccel=1
##$PVM_EncSteps1=( 128 )
-64 -63 -62 -61 -60 -59 -58 -57 -56 -55 -54 -53 -52 -51 -50 -49 -48 -47 -46 
-45 -44 -43 -42 -41 -40 -39 -38 -37 -36 -35 -34 -33 -32 -31 -30 -29 -28 -27 
-26 -25 -24 -23 -22 -21 -20 -19 -18 -17 -16 -15 -14 -13 -12 -11 -10 -9 -8 -7 
-6 -5 -4 -3 -2 -1 0 1 2 3 4 5 6 7 8 9 10 11 12 13 14 15 16 17 18 19 20 21 22 
23 24 25 26 27 28 29 30 31 32 33 34 35 36 37 38 39 40 41 42 43 44 45 46 47 48 
49 50 51 52 53 54 55 56 57 58 59 60 61 62 63
##$PVM_EncSteps2=( 64 )
-32 -31 -30 -29 -28 -27 -26 -25 -24 -23 -22 -21 -20 -19 -18 -17 -16 -15 -14 
-13 -12 -11 -10 -9 -8 -7 -6 -5 -4 -3 -2 -1 0 1 2 3 4 5 6 7 8 9 10 11 12 13 14 
15 16 17 18 19 20 21 22 23 24 25 26 27 28 29 30 31
##$PVM_EncCentralStep1=65
$$ @vis= PVM_EncMatrix PVM_EncTotalAccel PVM_EncSteps1 PVM_EncSteps2
##$PVM_EncCentralStep2=1
##$PVM_EncValues1=( 128 )
-1 -0.984375 -0.96875 -0.953125 -0.9375 -0.921875 -0.90625 -0.890625 -0.875 
-0.859375 -0.84375 -0.828125 -0.8125 -0.796875 -0.78125 -0.765625 -0.75 
-0.734375 -0.71875 -0.703125 -0.6875 -0.671875 -0.65625 -0.640625 -0.625 
-0.609375 -0.59375 -0.578125 -0.5625 -0.546875 -0.53125 -0.515625 -0.5 
-0.484375 -0.46875 -0.453125 -0.4375 -0.421875 -0.40625 -0.390625 -0.375 
-0.359375 -0.34375 -0.328125 -0.3125 -0.296875 -0.28125 -0.265625 -0.25 
-0.234375 -0.21875 -0.203125 -0.1875 -0.171875 -0.15625 -0.140625 -0.125 
-0.109375 -0.09375 -0.078125 -0.0625 -0.046875 -0.03125 -0.015625 0 0.015625 
0.03125 0.046875 0.0625 0.078125 0.09375 0.109375 0.125 0.140625 0.15625 
0.171875 0.1875 0.203125 0.21875 0.234375 0.25 0.265625 0.28125 0.296875 
0.3125 0.328125 0.34375 0.359375 0.375 0.390625 0.40625 0.421875 0.4375 
0.453125 0.46875 0.484375 0.5 0.515625 0.53125 0.546875 0.5625 0.578125 
0.59375 0.609375 0.625 0.640625 0.65625 0.671875 0.6875 0.703125 0.71875 
0.734375 0.75 0.765625 0.78125 0.796875 0.8125 0.828125 0.84375 0.859375 
0.875 0.890625 0.90625 0.921875 0.9375 0.953125 0.96875 0.984375
##$PVM_EncValues2=( 64 )
-1 -0.96875 -0.9375 -0.90625 -0.875 -0.84375 -0.8125 -0.78125 -0.75 -0.71875 
-0.6875 -0.65625 -0.625 -0.59375 -0.5625 -0.53125 -0.5 -0.46875 -0.4375 
-0.40625 -0.375 -0.34375 -0.3125 -0.28125 -0.25 -0.21875 -0.1875 -0.15625 
-0.125 -0.09375 -0.0625 -0.03125 0 0.03125 0.0625 0.09375 0.125 0.15625 
0.1875 0.21875 0.25 0.28125 0.3125 0.34375 0.375 0.40625 0.4375 0.46875 0.5 
0.53125 0.5625 0.59375 0.625 0.65625 0.6875 0.71875 0.75 0.78125 0.8125 
0.84375 0.875 0.90625 0.9375 0.96875
$$ @vis= PVM_EncCentralStep1 PVM_EncCentralStep2 PVM_EncValues1
##$PVM_EffSWh=29761.9047619048
##$PVM_EchoPosition=50
##$EncGradDur=0.194388431215502
$$ @vis= PVM_EncValues2 Encoding_Output Encoding PVM_EffSWh PVM_EchoPosition
##$PVM_AcquisitionTime=4.3008
##$ReadSpoiler=(No, 0.5076650390625, 0.36, 25)
##$SliceSpoiler=(No, 0.472128486328125, 0.2325, 25)
##$PVM_DigAutSet=Yes
$$ @vis= EncGradDur PVM_AcquisitionTime ReadSpoiler SliceSpoiler
##$PVM_DigQuad=Yes
##$PVM_DigFilter=<Digital_Medium>
##$PVM_DigRes=21
##$PVM_DigDw=0.0336
##$PVM_DigSw=29761.9047619048
$$ @vis= PVM_DigAutSet PVM_DigQuad PVM_DigFilter PVM_DigRes PVM_DigDw
##$PVM_DigNp=128
##$PVM_DigShift=36
##$PVM_DigShiftDbl=36
##$PVM_DigGroupDel=1.2096
##$PVM_DigDur=4.3008
$$ @vis= PVM_DigSw PVM_DigNp PVM_DigShift PVM_DigShiftDbl PVM_DigGroupDel
##$PVM_DigEndDelMin=0
##$PVM_DigEndDelOpt=0.0324032403240322
##$RareFactor=128
$$ @vis= PVM_DigDur PVM_DigEndDelMin PVM_DigEndDelOpt DigitizerPars
##$NEchoes=2
##$EffectiveTE=( 2 )
800 2200
##$IRVarDelay1=0.3505125
##$IRVarDelay2=0.504
##$RecoveryTime=6250
##$RecoveryDelay=3.58977
$$ @vis= RareFactor NEchoes EffectiveTE IRVarDelay1 IRVarDelay2 RecoveryTime
##$Acqmask=( 8192 )
0 0 1 0 0 0 0 0 1 0 1 0 0 0 0 1 0 0 0 0 0 0 0 0 0 0 0 0 0 0 0 1 0 0 0 0 0 1 0 
0 0 0 1 0 0 1 0 0 1 0 0 1 0 0 0 0 0 0 1 0 0 0 0 0 0 0 0 0 0 0 0 0 0 0 0 0 0 0 
0 0 0 0 1 0 0 0 1 0 0 1 0 0 0 0 0 0 0 0 0 0 0 0 0 0 1 0 0 0 0 0 0 0 0 0 0 0 0 
0 0 0 1 0 0 0 0 1 0 0 1 0 0 0 1 0 0 0 1 0 0 0 0 0 0 0 0 0 0 0 0 0 0 0 0 0 0 0 
1 0 0 0 0 1 0 0 0 0 0 0 0 0 0 0 0 0 0 0 0 0 0 0 0 0 0 0 0 0 0 0 0 0 0 1 0 0 0 
0 0 0 0 0 0 0 0 1 0 0 0 0 1 0 0 0 1 0 0 0 0 0 0 0 0 0 1 0 0 0 0 0 0 0 0 0 0 0 
0 0 1 0 0 0 1 0 0 0 1 0 0 0 0 0 0 0 0 0 0 0 0 0 1 0 0 0 0 0 0 0 0 0 0 1 0 0 0 
0 0 0 0 0 0 0 1 0 1 0 0 0 0 0 0 0 0 0 1 0 0 1 0 0 0 0 0 0 0 0 0 0 0 0 0 0 0 1 
0 0 0 1 0 0 0 0 1 0 0 0 0 0 1 0 0 0 0 0 0 0 0 0 0 0 0 0 0 0 0 0 0 0 0 0 0 0 0 
1 0 1 0 0 0 0 0 0 0 1 0 0 0 0 0 0 0 0 0 0 0 0 0 0 0 0 0 0 0 0 1 0 0 0 0 0 1 0 
0 0 0 0 0 0 0 0 0 1 0 1 0 0 1 0 0 0 0 0 0 0 1 0 0 0 0 0 0 0 0 0 1 0 0 0 0 0 0 
1 0 0 0 0 0 1 0 0 0 0 0 0 0 0 0 0 0 0 0 0 0 0 0 0 0 0 0 1 0 1 0 0 0 0 0 0 0 0 
0 0 1 0 0 0 0 0 0 0 0 0 1 0 0 0 1 0 0 0 1 0 0 0 0 0 0 0 0 0 0 0 0 0 0 0 0 0 1 
0 0 0 0 0 0 1 0 0 0 0 1 0 0 0 0 0 0 0 0 0 0 0 0 0 0 0 0 0 0 0 0 1 0 0 1 0 0 0 
0 0 0 0 0 0 0 0 0 0 0 0 0 0 1 0 0 0 1 0 0 0 0 0 0 0 1 0 0 0 0 0 0 0 0 0 0 0 0 
0 0 0 1 0 0 0 0 0 0 0 0 0 0 0 0 0 0 0 0 0 0 0 0 0 1 0 1 0 1 0 0 0 0 0 1 0 0 0 
0 0 0 0 0 0 0 0 0 1 0 0 0 0 0 0 0 0 1 0 0 0 0 0 0 1 0 0 0 0 0 1 0 0 0 1 0 0 1 
0 0 1 0 0 1 0 0 1 0 0 0 0 0 0 0 0 0 0 0 0 0 0 0 0 1 0 0 0 0 0 0 0 0 0 0 0 0 0 
0 1 0 0 0 0 0 0 0 0 0 0 0 0 0 0 0 0 0 1 0 0 0 0 0 0 0 0 0 0 0 0 0 0 0 0 0 0 0 
1 0 0 0 0 1 0 0 1 0 0 0 0 0 0 1 0 0 1 0 0 1 0 0 1 0 0 1 0 0 0 0 0 1 0 0 0 0 0 
0 0 1 0 0 0 0 0 0 1 0 0 0 0 0 0 0 0 0 0 0 0 1 0 0 0 0 1 0 0 0 0 0 0 0 0 0 0 0 
0 0 0 0 0 0 0 0 0 0 0 0 0 0 0 0 0 0 0 0 0 0 0 0 1 0 0 0 0 0 0 0 1 0 0 0 0 0 0 
0 0 1 0 1 0 0 0 0 0 0 0 0 0 0 0 0 0 0 0 0 0 0 1 0 0 0 0 0 0 0 0 0 0 0 0 0 1 0 
0 1 0 0 0 0 0 0 0 0 0 0 0 0 1 0 1 0 0 0 0 1 0 0 1 0 0 0 0 0 0 0 0 0 0 0 0 0 0 
0 1 0 0 1 0 1 0 0 0 0 0 0 0 0 1 0 0 0 0 0 0 0 0 1 0 0 0 0 0 1 0 0 1 0 0 1 0 0 
0 0 0 0 0 1 0 0 0 0 0 0 0 0 0 0 1 0 0 0 0 0 1 0 1 0 0 0 0 0 0 0 0 0 0 0 1 0 0 
0 0 0 0 1 0 0 0 0 1 0 0 0 0 0 0 0 0 0 0 0 0 0 0 0 0 0 0 0 0 0 0 1 0 0 0 0 0 1 
0 0 0 0 0 0 1 0 0 0 0 0 0 0 1 0 1 0 0 0 0 0 0 0 0 0 0 0 0 0 0 1 0 0 0 0 0 0 0 
0 0 0 1 0 0 0 1 0 0 0 1 0 1 0 0 0 0 0 0 0 1 0 0 0 0 0 0 1 0 0 0 1 0 0 0 1 0 0 
0 0 0 0 0 1 0 0 0 0 0 1 0 0 1 0 0 0 0 0 0 1 0 0 0 1 0 0 0 0 0 0 0 0 1 0 0 0 0 
0 0 0 0 1 0 0 0 1 0 0 0 0 1 0 0 0 0 0 0 0 0 0 0 1 0 0 0 0 0 0 0 1 0 0 0 0 0 0 
0 0 0 0 0 1 0 0 0 0 1 0 0 1 0 0 0 0 0 0 0 0 0 0 0 0 0 1 0 0 0 0 0 0 0 0 1 0 0 
0 1 0 0 0 0 0 1 0 0 0 0 1 0 0 0 0 0 0 0 0 0 0 1 0 0 0 0 0 0 0 0 0 0 0 0 0 0 0 
0 0 1 0 0 0 0 0 1 0 0 0 0 0 0 0 0 1 0 1 0 0 0 0 0 0 0 0 0 0 1 0 0 0 0 0 0 0 0 
0 1 0 0 0 0 0 1 0 0 0 0 0 1 0 0 1 0 0 1 0 0 1 0 0 0 0 0 0 1 0 1 0 0 0 0 1 0 1 
0 0 0 0 0 0 0 0 0 1 0 0 0 0 0 0 0 0 0 0 0 1 0 0 0 0 0 0 1 0 1 0 0 0 0 0 1 0 0 
0 0 0 0 0 0 0 0 0 0 0 0 1 0 0 0 0 0 0 1 0 0 0 0 0 0 1 0 0 1 0 1 0 0 0 0 1 0 1 
0 1 0 0 0 0 0 0 0 0 0 1 0 0 0 0 0 0 0 0 0 0 0 0 0 1 0 0 1 0 0 1 0 0 0 0 0 0 0 
0 1 0 0 0 0 0 1 0 0 0 0 0 0 0 0 0 0 0 0 0 0 0 0 0 0 0 0 1 0 0 1 0 1 0 0 0 1 0 
0 0 1 0 0 0 0 1 0 0 0 0 0 0 0 0 0 0 0 0 0 0 1 0 0 0 0 0 1 0 0 0 0 0 1 0 0 1 0 
0 1 0 0 0 1 0 0 1 0 0 0 0 1 0 0 0 0 0 0 0 1 0 0 0 1 0 0 0 1 0 0 0 0 1 0 0 0 1 
0 1 0 0 0 0 1 0 0 0 0 1 0 0 0 0 1 0 1 0 0 1 0 0 0 0 0 0 1 0 0 0 0 0 0 1 0 0 0 
0 0 0 1 0 1 0 0 0 0 0 0 0 0 0 0 0 0 0 0 0 0 1 0 0 0 0 0 1 0 0 0 0 0 1 0 0 0 0 
1 0 0 0 0 0 0 0 0 0 0 0 0 0 0 0 0 1 0 0 0 1 0 1 0 1 0 0 0 0 0 0 0 1 0 0 0 0 1 
0 0 0 1 0 0 0 0 0 0 0 1 0 0 0 0 1 0 0 0 0 0 0 0 0 0 0 1 0 1 0 0 1 0 0 1 0 0 1 
0 0 0 0 0 1 0 0 0 0 0 0 0 1 0 0 0 1 0 0 0 0 1 0 0 0 0 0 0 0 0 1 0 0 0 0 0 1 0 
0 0 0 0 0 1 0 0 0 0 1 0 1 0 0 0 0 0 0 0 0 0 0 0 0 0 1 0 1 0 0 0 0 1 0 0 1 0 0 
0 1 0 0 1 0 0 0 0 0 0 0 0 1 0 0 0 0 0 0 0 0 0 0 0 0 0 0 1 0 0 1 0 1 0 0 0 0 0 
1 0 1 0 1 0 0 0 0 1 1 0 0 0 0 1 0 1 0 0 0 0 0 1 0 0 0 0 0 0 0 0 0 0 1 0 1 0 0 
0 0 0 0 0 0 0 1 0 0 0 1 0 0 0 0 0 0 0 0 0 1 0 0 0 0 0 0 0 0 0 0 1 0 1 0 0 1 0 
0 0 0 0 0 0 1 0 0 0 0 1 0 0 1 0 1 0 1 0 0 0 0 0 0 0 1 0 1 0 0 0 0 1 0 0 0 0 0 
0 1 0 0 0 0 0 0 0 1 0 0 1 0 0 0 0 1 0 0 0 0 1 0 0 1 0 0 1 0 1 0 1 0 1 0 0 1 0 
0 0 0 0 0 0 1 0 1 0 1 0 0 0 0 0 0 0 0 0 1 0 0 0 0 0 0 0 1 0 1 0 0 0 0 0 0 0 0 
0 1 0 0 0 1 0 0 0 0 0 0 0 0 0 0 0 1 0 0 0 1 0 0 0 1 0 1 0 1 0 0 0 0 0 0 0 0 0 
0 0 0 1 0 0 0 0 0 1 1 0 0 0 0 0 0 0 1 0 0 1 0 0 1 0 0 0 1 0 0 0 1 0 1 0 0 0 1 
0 0 0 1 0 0 0 0 0 1 0 0 0 0 0 0 0 1 0 0 0 1 0 0 1 0 0 0 0 0 1 0 0 0 0 0 0 0 0 
1 0 0 1 0 1 0 0 0 0 0 0 1 0 0 0 0 0 0 0 0 0 1 0 0 0 1 0 0 0 1 0 1 0 0 0 1 0 0 
0 1 0 0 0 0 0 0 0 1 0 0 0 0 0 0 0 1 0 0 0 1 0 1 0 0 0 0 1 0 0 0 0 1 0 1 0 0 0 
0 0 0 1 1 0 0 0 0 1 0 1 0 0 1 0 0 0 0 0 0 1 0 0 1 0 0 0 0 1 0 1 0 0 0 1 0 1 0 
0 1 0 0 0 1 0 0 0 0 0 0 0 0 0 0 0 0 1 0 0 0 0 0 1 0 1 0 0 0 0 1 0 0 0 0 0 0 1 
0 0 1 0 0 1 0 0 0 0 0 0 0 1 0 0 0 0 0 1 0 0 0 0 0 0 0 0 1 0 0 0 0 0 0 0 1 0 1 
0 0 0 0 0 1 1 0 1 0 0 1 0 1 1 0 0 1 0 0 1 0 1 0 0 1 0 1 0 1 0 0 0 0 0 0 1 0 0 
0 0 0 0 1 0 0 0 1 0 1 0 0 0 0 0 0 1 0 1 0 0 0 0 0 0 1 0 1 0 0 0 0 1 0 0 0 0 0 
0 1 0 0 1 0 0 0 1 0 1 0 0 0 0 0 1 0 1 0 0 1 0 0 1 0 1 0 0 0 0 1 0 0 0 0 0 0 0 
1 0 0 0 0 0 1 0 1 0 0 1 0 1 0 0 0 1 0 0 0 1 0 1 0 0 0 0 0 0 0 1 0 0 0 0 1 0 0 
1 1 0 0 0 0 0 0 0 1 0 1 0 0 0 1 0 0 0 1 0 0 0 1 0 0 0 0 0 0 0 1 0 0 0 0 0 0 0 
0 0 1 0 0 1 0 0 0 0 1 0 0 1 0 1 1 0 0 1 0 1 0 0 1 0 0 0 0 1 0 1 0 1 0 0 0 0 0 
0 0 0 1 0 0 1 0 0 0 0 0 0 0 0 1 0 0 0 0 1 0 0 1 0 0 0 1 0 0 0 0 0 1 0 1 0 1 0 
0 0 0 0 1 0 0 1 0 1 0 0 0 1 0 0 0 0 0 0 1 0 1 0 1 1 0 1 0 1 0 0 0 1 0 1 0 1 0 
0 0 0 0 0 0 0 0 0 0 1 0 0 0 0 1 0 1 0 0 0 0 1 0 1 0 1 1 0 1 1 0 0 0 0 0 1 0 0 
0 1 0 1 0 0 0 0 0 0 0 0 0 0 0 0 0 0 0 0 0 0 0 0 1 0 0 0 0 1 0 0 1 0 0 1 0 1 1 
0 0 1 0 1 0 1 0 0 1 0 1 0 0 0 1 0 1 0 0 1 0 1 1 0 1 0 0 0 1 0 1 0 1 0 0 1 1 0 
0 0 0 1 0 1 0 0 1 0 0 0 0 1 0 0 1 0 0 0 0 0 0 1 0 1 1 0 1 0 1 0 0 1 0 1 0 0 1 
0 0 1 0 0 1 1 0 0 0 1 0 0 1 0 0 0 0 0 0 0 0 0 0 1 0 1 0 0 0 0 0 1 0 0 0 1 0 0 
0 0 0 0 0 1 0 1 0 0 0 0 0 0 0 0 0 0 0 0 1 0 1 0 1 0 1 0 1 0 0 0 0 0 0 0 0 1 0 
0 0 0 1 0 0 0 1 0 1 0 0 0 0 0 0 0 0 0 0 1 0 0 0 0 1 0 0 0 1 0 1 0 1 0 1 0 1 0 
1 1 0 1 1 0 0 1 0 0 1 0 0 1 0 0 1 1 0 1 0 0 1 0 0 1 1 0 0 0 1 0 0 0 0 0 1 0 0 
1 0 1 0 1 0 0 0 0 1 0 0 0 0 0 0 0 0 1 0 0 1 0 0 0 0 0 0 0 1 1 0 1 0 0 0 0 1 1 
0 1 0 1 0 0 1 0 1 0 1 0 0 0 0 0 0 1 0 0 1 0 0 0 0 0 1 0 0 0 1 0 1 0 0 0 0 0 1 
0 0 0 1 0 1 0 0 1 0 1 0 1 0 1 0 0 0 0 1 0 1 1 0 0 0 0 1 0 1 0 0 0 0 0 0 0 1 0 
1 0 0 0 0 1 0 1 0 0 0 0 0 0 0 1 0 0 0 0 0 0 1 0 0 0 1 0 0 0 1 0 1 0 0 0 1 0 0 
1 0 1 1 0 1 0 0 1 0 1 1 1 1 0 0 0 1 1 0 1 0 0 0 1 0 0 1 0 0 0 0 0 1 1 0 0 0 1 
0 0 0 1 0 0 1 0 1 0 0 0 1 0 0 0 0 0 0 1 0 1 0 1 0 0 0 1 1 0 0 1 0 1 0 1 0 0 1 
1 0 1 0 0 0 0 1 0 1 0 0 0 0 1 0 0 1 0 0 0 0 0 0 0 1 0 1 1 0 1 0 0 0 0 1 0 0 0 
1 0 0 1 0 0 0 0 1 0 1 1 0 0 1 0 1 1 1 0 0 0 1 1 0 1 0 0 1 1 0 1 1 0 0 1 0 1 0 
0 0 0 0 0 1 0 0 1 0 0 0 0 0 0 0 0 0 0 0 1 0 0 1 0 1 0 1 0 0 1 1 1 0 1 0 1 0 1 
0 1 1 1 0 1 1 0 0 1 1 1 1 1 0 1 0 0 0 0 1 0 1 0 1 1 0 1 0 1 0 0 0 0 0 1 0 0 0 
1 0 1 0 1 0 0 0 1 0 1 0 0 0 1 0 0 1 0 1 1 0 1 0 0 0 1 1 0 1 0 1 1 0 0 0 0 1 0 
0 0 0 0 1 0 1 0 0 0 1 0 0 1 0 1 0 0 0 1 0 1 0 1 0 0 0 0 1 0 0 1 0 0 0 0 0 0 1 
0 0 1 0 1 0 0 0 1 1 1 1 1 1 1 1 1 1 1 1 1 1 1 1 1 1 1 1 0 0 1 0 0 1 1 0 0 0 0 
0 0 0 1 0 0 0 0 0 0 0 0 1 0 0 0 0 0 1 0 1 0 1 0 1 0 0 0 0 0 0 1 1 1 1 1 1 1 1 
1 1 1 1 1 1 1 1 1 1 1 1 1 1 0 1 0 1 1 0 0 1 1 1 0 1 1 0 1 0 0 0 0 0 0 1 0 0 1 
0 1 0 0 0 0 0 0 0 1 0 0 1 0 1 1 0 0 0 1 1 1 1 1 1 1 1 1 1 1 1 1 1 1 1 1 1 1 1 
0 1 0 0 0 1 0 0 1 0 0 0 0 0 0 0 1 0 1 0 1 0 0 0 0 0 1 0 1 0 0 1 0 0 0 0 1 0 1 
1 0 1 0 1 1 1 1 1 1 1 1 1 1 1 1 1 1 1 1 1 1 1 0 1 0 1 0 1 0 0 0 1 0 0 1 0 0 0 
1 0 0 1 0 0 0 0 1 0 1 0 0 0 0 0 1 0 0 1 1 0 0 1 0 0 0 0 1 1 1 1 1 1 1 1 1 1 1 
1 1 1 1 1 1 1 1 1 1 1 0 1 1 0 1 1 0 0 1 0 0 1 1 0 0 1 0 0 0 1 0 0 0 0 0 0 0 0 
1 0 0 1 0 1 0 1 1 0 1 0 1 0 0 1 1 1 1 1 1 1 1 1 1 1 1 1 1 1 1 1 1 1 0 0 1 0 1 
0 1 0 0 1 0 1 0 0 0 1 0 0 0 0 0 0 0 1 0 0 1 1 0 0 0 1 0 0 0 0 1 0 0 1 1 0 1 0 
1 0 1 1 1 1 1 1 1 1 1 1 1 1 1 1 1 1 1 1 0 1 0 0 0 0 0 1 0 0 1 0 1 1 0 0 0 1 0 
1 0 0 1 0 0 0 0 0 0 1 0 0 1 0 1 0 0 0 1 0 0 0 1 0 1 0 1 1 1 1 1 1 1 1 1 1 1 1 
1 1 1 1 1 1 1 0 1 1 0 1 1 0 1 0 0 1 0 1 0 0 0 0 0 0 1 0 0 1 0 0 1 0 0 0 0 1 0 
1 0 0 1 0 0 1 0 0 0 1 0 1 1 1 1 1 1 1 1 1 1 1 1 1 1 1 1 1 1 1 1 0 1 0 1 0 0 0 
0 0 1 0 1 0 0 0 1 0 1 0 0 0 1 0 0 0 0 0 1 0 0 1 0 0 0 1 0 1 1 1 0 1 0 1 1 0 1 
1 1 1 1 1 1 1 1 1 1 1 1 1 1 1 1 1 0 1 1 0 1 0 1 1 0 1 0 0 0 0 0 1 0 0 0 1 0 1 
0 1 0 1 0 0 0 0 0 0 0 1 0 0 1 0 0 1 0 1 1 1 0 1 1 1 1 1 1 1 1 1 1 1 1 1 1 1 1 
1 1 1 0 1 0 1 1 1 0 1 0 0 1 0 0 1 0 0 0 1 0 0 0 0 0 0 0 0 0 0 0 1 0 0 0 0 0 1 
0 0 0 0 1 0 1 0 1 1 1 1 1 1 1 1 1 1 1 1 1 1 1 1 1 1 1 1 0 1 1 1 0 0 1 0 1 0 0 
1 0 1 0 1 0 0 0 0 1 1 0 0 0 1 0 1 0 1 0 1 0 1 0 0 0 0 1 0 0 0 0 0 1 1 1 1 1 1 
1 1 1 1 1 1 1 1 1 1 1 1 1 1 1 0 0 0 1 0 0 1 0 0 1 0 0 0 0 0 1 0 0 0 0 0 0 1 0 
0 0 0 0 0 1 0 0 0 1 0 1 1 0 1 0 1 0 1 0 0 1 1 1 1 1 1 1 1 1 1 1 1 1 1 1 1 1 1 
0 0 1 0 0 0 1 0 1 0 0 0 1 0 0 0 0 0 1 0 1 0 1 0 0 1 0 0 1 0 0 0 0 1 0 0 1 0 1 
1 0 1 1 0 1 1 1 1 1 1 1 1 1 1 1 1 1 1 1 1 1 1 1 1 1 1 0 1 1 1 0 0 1 0 1 0 1 0 
1 0 1 0 0 0 0 0 0 0 0 0 0 0 0 1 0 0 1 0 1 0 0 0 1 0 0 0 0 1 0 0 1 1 1 1 1 1 1 
1 1 1 1 1 1 1 1 1 1 1 1 0 1 0 1 0 0 1 0 1 0 1 0 0 1 0 1 0 1 1 0 0 0 0 1 0 0 0 
0 0 1 0 0 1 0 0 1 0 0 1 0 1 1 1 1 1 1 1 1 1 1 1 1 1 1 1 1 1 1 1 1 1 1 1 1 0 0 
1 0 1 1 0 0 1 0 0 0 0 0 0 0 0 0 0 0 1 0 1 0 0 1 1 0 1 0 0 1 0 0 0 1 1 0 0 0 0 
1 0 1 0 1 1 1 1 1 1 1 1 1 1 1 1 1 1 1 1 1 1 1 1 0 0 1 0 1 0 1 1 0 0 1 0 1 0 0 
1 0 1 0 0 0 0 0 0 0 0 0 0 1 0 0 1 0 1 0 0 1 0 1 0 0 1 0 1 1 1 1 1 1 1 1 1 1 1 
1 1 1 1 1 1 1 1 0 1 1 0 1 0 0 0 0 0 0 0 0 0 0 1 0 0 0 0 1 0 0 1 0 1 0 1 0 1 0 
0 1 0 0 0 0 1 0 0 1 1 0 0 0 0 1 1 1 1 1 1 1 1 1 1 1 1 1 1 1 1 1 1 0 1 1 0 1 1 
0 0 1 1 0 1 0 1 0 1 0 0 1 0 0 1 0 0 0 0 0 1 0 0 0 0 0 1 0 1 0 0 1 0 0 0 0 1 1 
0 1 0 1 0 1 1 1 0 1 1 1 0 1 0 1 1 0 0 1 1 0 0 0 0 0 1 0 1 0 0 1 0 1 0 0 0 0 0 
1 0 0 0 1 0 0 0 0 0 0 1 0 0 0 0 1 0 0 0 1 1 0 0 1 0 0 1 1 0 1 0 1 0 1 0 1 1 0 
1 0 0 1 0 1 0 0 1 1 0 1 0 1 0 0 0 0 0 0 0 0 1 0 0 0 0 1 0 0 1 0 0 0 1 0 0 1 0 
1 0 1 0 1 0 0 1 1 0 0 1 0 1 0 1 1 1 0 1 0 1 1 0 1 0 1 1 0 1 0 0 1 0 1 0 0 0 0 
0 1 0 1 0 1 0 0 0 0 0 1 0 0 0 0 0 0 1 0 0 1 0 0 0 1 0 0 0 0 1 0 1 0 0 1 0 1 0 
1 0 0 1 1 0 1 0 0 0 1 1 0 1 0 1 0 1 0 1 0 0 1 0 1 0 0 0 0 0 0 0 0 1 0 0 0 0 0 
1 0 0 0 0 1 0 0 0 1 0 0 0 1 0 1 0 0 0 1 0 0 1 0 0 0 0 1 0 1 1 1 1 0 1 0 1 1 0 
0 0 1 0 1 0 0 1 0 0 0 1 0 1 1 0 1 1 0 0 0 0 1 0 0 0 0 1 0 1 0 0 0 0 0 0 0 0 1 
0 1 0 1 0 0 1 0 0 1 0 1 0 0 1 1 0 0 1 0 0 1 0 0 1 1 1 0 0 1 0 1 0 0 0 1 0 0 0 
0 0 0 0 0 0 1 0 0 0 1 1 0 0 0 0 0 1 0 1 0 1 0 0 0 0 0 1 0 0 1 0 0 1 0 0 1 0 1 
0 1 1 1 0 1 0 0 1 0 1 1 0 0 1 0 0 0 0 1 0 0 1 0 0 1 0 0 0 0 1 0 1 0 0 0 0 1 0 
0 1 0 0 1 0 0 1 0 1 0 1 0 0 0 0 0 1 0 0 1 1 0 0 0 1 0 0 1 1 0 1 1 0 0 0 0 0 1 
1 1 0 0 1 0 0 0 0 1 0 1 0 1 0 0 0 0 0 0 0 0 0 0 0 0 0 0 0 0 0 1 0 0 0 1 0 0 0 
1 0 0 0 1 0 1 0 1 1 0 1 0 1 0 1 1 0 0 0 1 0 1 1 0 0 0 1 0 0 0 1 1 0 0 0 0 0 0 
1 0 0 1 0 0 0 1 0 0 0 1 0 0 1 0 0 0 0 1 0 1 0 1 0 0 0 1 0 0 0 0 1 0 1 0 0 0 0 
0 0 0 0 1 1 0 0 0 0 0 1 0 0 0 1 0 0 0 0 1 1 0 1 0 0 0 1 0 0 0 0 0 1 0 0 0 0 1 
0 0 0 0 0 0 0 0 0 1 0 1 0 0 0 1 0 0 0 0 0 0 1 1 1 0 1 0 1 0 0 1 1 0 1 0 0 0 0 
0 0 1 0 1 0 0 1 0 0 0 0 0 0 0 0 1 0 0 0 0 0 0 0 0 0 0 1 0 1 0 0 0 1 0 0 0 0 1 
0 0 0 1 0 1 0 1 0 0 1 1 0 0 0 1 0 0 1 0 1 1 0 1 0 1 0 0 0 0 1 0 0 1 0 0 0 1 0 
1 0 0 0 1 0 1 0 0 1 0 0 0 0 0 0 0 1 0 0 0 1 0 0 0 0 1 1 0 1 0 1 0 1 0 0 0 1 0 
1 1 1 0 0 0 0 0 0 1 0 1 1 0 1 0 0 0 0 0 0 0 0 0 0 0 1 0 0 0 0 0 0 0 0 0 1 0 0 
1 0 1 0 1 0 1 0 0 0 0 1 0 0 0 1 0 0 1 0 0 1 0 0 0 0 0 0 1 0 1 0 1 0 0 0 0 0 0 
0 0 0 1 0 1 0 1 0 0 0 0 0 0 1 0 0 1 0 0 1 0 0 1 0 0 0 0 0 0 1 0 1 0 1 0 1 0 0 
1 0 0 1 0 0 1 0 0 1 0 1 0 1 0 1 0 0 0 1 0 1 0 0 0 0 1 1 0 1 0 0 0 0 1 0 1 0 0 
0 0 0 0 0 0 0 0 0 0 0 0 1 0 1 0 0 0 0 1 0 0 0 0 1 0 1 0 0 0 1 0 0 0 0 1 0 0 0 
0 0 0 0 1 0 0 0 0 1 0 0 0 0 0 0 0 0 1 0 0 0 0 0 0 0 0 0 0 1 0 0 0 1 0 1 0 0 0 
0 0 0 1 0 0 0 0 0 0 0 0 0 0 0 0 0 0 1 1 0 0 0 1 0 1 0 0 1 0 0 1 1 0 0 0 1 0 1 
0 1 0 0 0 0 1 0 0 0 1 0 1 1 0 0 0 1 0 0 0 0 0 1 0 0 1 0 1 0 0 0 1 1 0 1 0 1 0 
1 0 1 0 0 0 1 0 0 0 0 0 1 0 0 0 1 0 0 0 0 1 0 0 0 0 0 0 0 0 0 0 0 1 0 0 0 0 0 
0 0 0 0 0 0 1 0 1 0 0 1 0 0 0 1 0 0 0 0 0 0 0 0 0 0 0 0 1 0 1 0 0 1 0 0 1 0 0 
0 1 0 0 0 1 0 0 1 0 0 0 0 1 0 1 0 0 0 0 0 1 0 1 0 1 0 0 1 0 0 0 0 0 0 0 0 0 0 
1 0 0 1 0 0 1 0 0 0 1 0 0 1 0 0 0 0 1 0 1 0 0 0 1 0 0 0 1 0 0 0 1 0 1 0 1 0 0 
0 0 0 1 0 0 0 0 0 0 0 0 0 0 0 0 0 1 0 0 0 0 1 1 0 0 0 0 0 0 0 0 0 1 0 0 0 0 0 
0 0 1 0 0 0 0 0 1 0 0 0 1 0 0 0 1 0 0 0 0 0 0 0 0 0 1 0 0 0 1 0 0 0 0 1 0 0 0 
1 0 0 0 0 0 1 0 0 0 0 1 0 1 0 0 1 0 0 0 0 0 0 0 1 1 0 0 1 0 0 0 0 0 0 0 0 0 0 
0 0 0 1 0 1 0 1 0 0 1 0 0 0 1 0 0 0 1 0 0 0 0 1 0 0 0 0 0 1 0 0 0 0 0 0 0 0 0 
0 0 0 0 0 1 0 1 0 0 0 0 1 1 0 0 1 1 0 0 0 1 0 1 0 1 0 1 0 0 0 0 0 0 0 0 0 0 0 
0 0 0 0 0 0 1 0 0 0 0 0 0 0 0 0 0 1 0 0 1 0 0 1 0 0 0 0 0 1 0 1 0 0 0 0 0 0 0 
0 1 0 0 0 1 0 0 0 0 0 0 0 0 1 0 0 0 0 0 1 0 0 0 0 0 0 0 0 1 0 0 1 0 0 1 0 1 0 
0 0 0 0 0 0 0 0 0 0 0 1 0 0 1 0 0 0 0 0 0 1 0 0 0 0 0 0 1 0 0 0 0 1 1 0 1 0 0 
0 0 0 0 1 0 0 0 1 0 0 1 0 1 0 0 0 0 0 0 0 0 0 0 0 0 1 0 0 1 0 0 1 0 0 1 0 0 0 
0 0 0 0 0 0 0 1 0 1 0 0 0 0 0 0 0 1 0 0 0 0 0 0 0 0 0 0 0 0 0 0 1 0 0 1 0 0 0 
0 0 1 0 1 0 0 0 0 1 0 0 0 0 0 0 0 1 0 0 0 0 0 0 1 0 1 0 1 0 1 0 0 0 0 0 1 0 1 
0 0 0 0 1 0 1 0 0 0 1 0 0 1 0 0 0 0 0 0 0 0 1 0 0 0 0 0 0 0 0 1 0 0 0 0 0 0 1 
0 1 0 0 1 0 0 0 0 0 0 0 0 0 0 0 0 1 1 0 1 0 0 0 0 0 0 0 1 0 0 0 0 0 0 0 0 0 0 
0 1 0 0 0 0 0 0 0 0 1 0 0 0 1 0 0 0 0 0 0 1 0 0 0 0 0 0 0 0 0 0 1 0 0 0 0 0 1 
0 0 0 0 0 0 0 0 0 0 1 0 1 0 0 0 0 0 0 1 0 0 1 0 0 0 0 0 0 1 0 1 0 0 0 0 0 0 0 
0 0 0 0 0 1 0 0 0 0 0 0 0 1 0 1 0 0 0 0 0 1 0 0 0 0 1 0 1 0 0 0 0 0 0 0 0 0 0 
1 0 0 1 0 0 1 0 0 0 1 0 0 0 0 0 0 0 0 1 0 0 0 0 1 0 0 1 0 0 0 0 0 1 0 0 1 0 0 
0 0 0 1 0 0 0 0 0 0 0 0 0 0 0 0 1 0 0 1 0 1 0 0 0 0 0 0 0 1 0 0 0 0 0 0 0 1 0 
0 1 0 1 0 0 0 0 0 0 0 0 0 0 0 0 0 0 0 0 0 0 0 0 0 0 0 0 0 0 0 0 1 0 1 0 0 0 1 
0 0 0 0 0 0 0 0 0 0 1 0 1 0 0 0 0 0 0 0 0 1 0 0 0 0 0 0 0 0 0 0 1 0 0 0 0 0 0 
0 0 0 0 0 0 0 1 0 0 0 1 0 1 0 1 0 0 0 0 0 0 1 0 0 0 0 1 0 0 0 0 0 0 0 0 0 0 0 
1 0 0 0 1 0 1 0 0 0 0 0 1 0 0 1 0 0 0 0 0 0 0 0 0 1 0 1 0 0 0 0 0 0 0 0 0 0 0 
0 0 0 0 0 1 0 0 0 0 1 0 0 0 0 0 1 0 0 1 0 1 0 0 0 0 0 0 0 0 0 0 0 0 0 1 0 0 0 
0 0 0 0 0 0 0 1 0 0 0 0 0 0 0 0 1 0 0 0 1 0 0 0 1 0 0 0 1 0 0 0 0 0 0 0 0 0 0 
0 1 0 0 0 0 0 0 0 0 1 0 0 1 0 0 0 0 0 0 0 0 0 0 0 0 0 0 0 1 0 0 0 0 0 0 1 0 0 
0 0 0 0 0 0 0 0 0 0 0 0 0 0 0 0 0 0 1 0 1 0 0 1 0 0 0 0 0 1 0 0 0 0 0 0 1 0 0 
0 0 0 1 0 1 0 0 0 0 1 0 0 1 0 0 0 0 0 1 1 0 0 0 0 0 1 0 1 0 0 0 0 0 0 0 0 0 0 
0 0 1 0 0 0 0 0 0 0 0 1 0 0 0 0 0 0 0 1 0 0 0 0 0 0 0 0 0 0 0 0 0 0 0 0 0 0 0 
0 0 0 0 0 0 0 0 0 1 0 0 0 0 0 0 0 0 1 0 0 1 0 1 0 0 0 0 0 1 0 0 0 1 0 0 0 0 0 
0 0 1 0 0 0 0 0 1 0 0 1 0 0 0 0 0 0 0 1 0 0 0 0 0 0 0 0 0 1 0 0 0 0 0 0 0 1 0 
0 0 0 0 0 0 0 0 0 0 0 0 1 0 0 0 0 0 0 0 0 0 0 0 0 0 1 0 0 0 0 0 0 0 0 0 0 0 0 
0 1 0 1 0 0 0 0 1 0 0 1 0 0 0 0 0 0 1 0 0 0 0 0 0 0 1 0 0 1 0 0 0 0 0 0 0 0 0 
1 0 0 0 0 0 0 1 0 0 0 0 0 0 0 0 1 0 0 0 0 0 1 0 0 0 0 0 0 0 0 0 0 0 0 0 0 0 0 
0 0 0 0 0 0 0 0 0 0 0 0 0 0 0 0 0 1 0 0 1 0 0 0 0 0 0 0 1 0 0 0 0 0 0 0 1 0 1 
0 0 0 0 0 0 0 0 0 0 0 0 0 0 0 0 0 0 0 0 0 0 0 0 0 0 0 1 0 0 0 1 0 0 0 0 0 0 0 
0 0 0 0 0 0 0 0 0 1 0 0 0 0 0 0 1 0 0 0 0 0 0 0 0 0 0 0 0 0 0 1 0 0 0 0 1 0 0 
1 0 0 1 0 0 0 1 0 0 0 1 0 0 0 0 0 0 0 0 1 0 0 1 0 0 1 0 0 0 0 0 0 0 0 0 0 0 0 
1 0 0 0 0 0 0 1 0 0 0 0 0 1 0 0 0 0 0 0 0 0 0 0 0 0 0 0 0 0 0 0 0 0 0 0 0 0 0 
0 1 0 0 0 0 0 0 0 0 0 0 0 0 0 0 0 0 0 0 0 0 0 1 0 0 0 0 0 0 0 0 0 0 0 1 0 0 0 
0 0 0 1 0 0 1 0 0 0 0 0 0 0 0 0 0 0 0 0 0 0 0 0 0 0 0 0 1 0 0 0 0 0 0 1 0 0 0 
0 0 1 0 0 0 0 0 0 0 0 0 0 0 0 0 1 0 0 0 0 0 0 0 0 0 1 0 0 0 0 0 0 1 0 0 1 0 0 
0 0 0 0 1 0 1 0 0 1 0 0 0 0 0 0 0 0 1 0 0 0 0 0 0 0 0 0 0 0 0 1 0 0 1 0 0 0 0 
0 0 0 0 1 0 0 0 0 1 0 0 0 0 0 0 0 0 1 0 0 0 0 0 0 1 0 0 0 0 0 0 0 0 0 0 1 0 0 
0 0 0 0 0 0 0 0 0 1 0 0 0 0 0 0 0 0 0 0 0 0 0 1 0 0 0 0 0 0 0 0 0 0 0 0 0 0 0 
0 0 0 0 0 0 0 0 1 0 0 0 0 0 0 0 0 0 0 0 0 0 0 0 0 0 0 0 0 0 0 1 0 0 0 0 0 0 0 
0 1 0 0 0 0 0 0 0 0 0 0 1 0 0 0 0 1 0 0 0 0 0 0 0 0 1 0 0 0 0 0 0 0 0 0 0 0 1 
0 0 0 0 0 0 0 0 0 0 1 0 0 1 0 0 0 0 0 0 0 0 1 0 0 0 0 0 0 0 0 1 0 0 0 1 0 0 0 
0 1 0 0 0 0 1 0 1 0 0 0 0 0 1 0 0 0 0 0 1 0 0 0 0 0 0 0 1 0 0 1 0 0 0 0 0 0 0 
0 0 0 0 0 0 0 0 0 0 0 0 0 0 1 0 0 0 0 0 0 0 0 0 0 0 0 0 0 0 0 0 0 0 0 0 0 0 0 
0 0 0 1 0 0 0 0 0 0 0 0 1 0 0 0 0 0 0 0 0 0 0 0 0 1 0 0 1 0 0 0 0 0 0 0 0 0 0 
0 0 0 0 0 0 0 0 0 0 0 0 0 0 0 0 0 0 0 0 0 0 1 0 0 0 0 0 0 0 0 0 0 0 1 0 0 0 0 
0 0 0 1 0 0 1 0 0 0 0 0 0 0 0 0 0 1 0 0 0 0 1 0 0 0 0 0 0 0 0 0 0 0 0 0 1 0 1 
0 0 1 0 0 0 0 0 0 0 0 0 0 0 0 0 0 1 0 0 0 0 0 0 0 0 0 0 0 0 0 0 0 1 0 0 0 0 0 
0 0 0 0 0 0 0 0 0 0 0 0 1 0 0 0 1 0 0 1 0 0 0 0 0 0 0 0 0 0 0 0 0 0 0 0 0 1 0 
1 0 0 0 0 0 0 0 0 0 0 0 0 0 0 0 0 0 0 0 0 0 0 1 0 0 0 1 0 1 0 0 0 0 0 0 0 0 0 
0 0 0 0 0 0 0 0 0 1 0 0 0 0 0 0 1 0 0 0 1 0 0 0 0 0 0 0 0 0 0 1 0 0 0 0 1 0 0 
0 1
##$GradSliceVector=( 2048 )
-0.9375 0.90625 -0.25 -0.125 0.625 0.5 -0.65625 -0.8125 -0.78125 -0.03125 
0.15625 -0.75 0.34375 0.9375 0.0625 0.53125 -0.5 0.125 0.15625 0.90625 -0.75 
-0.4375 -0.28125 -0.125 -0.09375 -0.28125 -0.0625 0 -0.21875 -0.34375 0.90625 
0.375 -0.96875 0.21875 0.03125 -0.34375 -0.375 0.78125 0.21875 -0.125 -0.625 
0.1875 -0.4375 0.90625 0 -0.75 0.03125 0.6875 -0.09375 0.59375 -0.15625 
0.4375 -0.1875 0.3125 -0.40625 0.15625 -0.46875 0.125 -0.53125 0.125 -0.75 
0.03125 -0.84375 -0.0625 0.5625 -0.1875 0.375 -0.1875 0.34375 -0.3125 0.1875 
-0.28125 0.21875 -0.40625 0.125 -0.71875 0.09375 -0.96875 -0.09375 0.5625 
-0.125 0.46875 -0.21875 0.3125 -0.1875 0.34375 -0.28125 0.71875 0.21875 
-0.3125 0.71875 0.25 -0.03125 -0.59375 0.84375 0.1875 -0.25 -0.34375 0.96875 
0.8125 0.625 0.40625 0.0625 -0.0625 -0.1875 -0.3125 0.34375 -0.25 0.28125 
0.21875 -1 -0.75 -0.25 0.5625 -0.59375 -0.15625 -0.875 -0.09375 -0.53125 
0.59375 0.46875 -0.15625 -0.3125 0.65625 -0.5 -0.625 0.21875 -0.03125 -0.75 
-1 -0.1875 0.1875 0.875 0.96875 -0.40625 -0.71875 -0.65625 0.3125 0.46875 
-0.53125 0.46875 -1 0.125 0.8125 -0.4375 0.28125 0.21875 -0.90625 -0.65625 
-0.21875 -0.125 -0.03125 0.03125 -0.03125 0.03125 0.09375 -0.15625 -0.28125 
-1 0.71875 -0.8125 0.3125 0.09375 -0.28125 -0.28125 0.90625 0.375 -0.09375 
-0.5625 0.21875 -0.375 0.96875 0.03125 -0.6875 0.0625 0.71875 -0.0625 0.84375 
-0.125 0.5625 -0.15625 0.375 -0.3125 0.1875 -0.40625 0.15625 -0.40625 0.15625 
-0.6875 0.0625 -0.75 -0.03125 0.75 -0.15625 0.40625 -0.15625 0.375 -0.28125 
0.21875 -0.25 0.25 -0.34375 0.15625 -0.65625 0.125 -0.78125 -0.0625 0.9375 
-0.09375 0.53125 -0.1875 0.34375 -0.15625 0.40625 -0.21875 0.90625 0.28125 
-0.25 0.90625 0.3125 0 -0.53125 0.96875 0.21875 -0.125 -0.28125 -0.90625 -1 
0.90625 0.5625 0.09375 0.15625 -0.09375 -0.25 0.375 -0.1875 0.40625 0.34375 
-0.875 -0.28125 0.03125 0.6875 -0.375 -0.125 -0.625 0 -0.46875 0.9375 0.53125 
0.09375 -0.09375 0.78125 -0.0625 -0.1875 0.40625 0.03125 -0.6875 -0.875 0.125 
0.40625 -0.625 -0.46875 -0.125 -0.625 -0.53125 0.5625 0.65625 -0.3125 0.59375 
-0.84375 0.1875 -1 -0.375 0.375 0.3125 -0.875 -0.59375 -0.1875 0.09375 
0.03125 0.09375 0.125 0.09375 0.15625 -0.09375 -0.1875 -0.84375 0.78125 
-0.6875 0.40625 0.15625 -0.125 -0.21875 -0.96875 0.4375 -0.0625 -0.46875 
0.28125 -0.34375 -0.875 0.0625 -0.625 0.09375 0.78125 -0.03125 0.90625 
-0.09375 0.65625 -0.125 0.40625 -0.28125 0.21875 -0.34375 0.1875 -0.34375 
0.1875 -0.59375 0.09375 -0.625 0 0.875 -0.125 0.4375 -0.125 0.46875 -0.25 
0.25 -0.21875 0.34375 -0.3125 0.1875 -0.53125 0.15625 -0.6875 -0.03125 -1 
-0.0625 0.5625 -0.15625 0.40625 -0.125 0.4375 -0.15625 -0.96875 0.375 -0.1875 
-0.875 0.375 0.0625 -0.46875 -1 0.3125 -0.03125 -0.21875 -0.8125 -0.84375 
-0.75 0.65625 0.125 0.21875 0 -0.125 0.5 -0.125 0.5 0.46875 -0.6875 -0.21875 
0.15625 0.78125 -0.3125 -0.0625 -0.5625 0.0625 -0.25 -0.78125 0.6875 0.28125 
0.1875 0.90625 0.25 0.5625 0.59375 0.125 -0.53125 -0.75 0.21875 0.59375 
0.0625 0.15625 -0.0625 -0.375 -0.46875 0.9375 0.84375 -0.21875 0.75 -0.6875 
0.4375 -0.78125 -0.21875 0.4375 0.5625 -0.625 -0.375 -0.03125 0.1875 0.125 
0.28125 0.21875 0.1875 0.28125 -0.0625 -0.125 -0.75 0.96875 -0.625 0.4375 
0.25 -0.0625 -0.1875 -0.875 0.59375 0.0625 -0.4375 0.4375 -0.28125 -0.78125 
0.09375 -0.5625 0.125 -1 0 0.96875 -0.0625 0.78125 -0.09375 0.46875 -0.25 
0.25 -0.28125 0.21875 -0.28125 0.21875 -0.5 0.125 -0.5625 0.03125 0.9375 
-0.09375 0.5 -0.09375 0.53125 -0.21875 0.28125 -0.1875 0.46875 -0.28125 
0.21875 -0.375 0.1875 -0.59375 0 -0.90625 -0.03125 0.65625 -0.125 0.75 
-0.09375 0.53125 -0.125 -0.75 0.40625 -0.15625 -0.78125 0.46875 0.125 -0.375 
-0.8125 0.46875 0 -0.1875 -0.65625 -0.53125 -0.6875 0.78125 0.34375 0.28125 
0.0625 0.03125 0.5625 0 0.65625 0.53125 -0.53125 -0.0625 0.4375 0.84375 -0.25 
0.1875 -0.375 0.3125 -0.09375 -0.65625 0.78125 0.375 0.375 -0.8125 0.46875 
-0.71875 0.84375 0.59375 -0.03125 -0.125 0.71875 -0.71875 0.125 0.3125 
0.53125 -0.03125 -0.21875 -0.90625 0.9375 -0.15625 -0.78125 -0.53125 0.59375 
-0.625 -0.1875 0.5 0.625 -0.53125 -0.0625 0.03125 0.28125 0.1875 0.34375 0.25 
0.34375 0.5 0 0 -0.53125 -0.90625 -0.5625 0.5625 0.3125 -0.03125 -0.125 
-0.8125 0.6875 0.09375 -0.40625 0.5 -0.15625 -0.5625 0.125 -0.34375 0.15625 
-0.90625 0.03125 -0.84375 -0.03125 0.875 -0.0625 0.5 -0.21875 0.34375 -0.25 
0.25 -0.25 0.25 -0.375 0.15625 -0.53125 0.0625 -1 -0.0625 0.59375 -0.0625 
0.625 -0.1875 0.40625 -0.15625 0.53125 -0.25 0.25 -0.28125 0.21875 -0.5 
0.03125 -0.875 0 0.71875 -0.09375 0.90625 -0.0625 0.5625 -0.09375 -0.59375 
0.46875 -0.125 -0.65625 0.53125 0.15625 -0.28125 -0.75 0.5625 0.0625 -0.125 
-0.59375 -0.46875 -0.5625 0.84375 0.40625 0.59375 0.125 0.28125 0.625 0.1875 
0.71875 0.59375 -0.46875 -0.03125 0.625 -0.75 -0.1875 0.5625 -0.21875 0.5625 
0.28125 -0.53125 0.96875 0.625 -0.5625 -0.71875 0.5625 -0.4375 0.9375 
-0.90625 0.15625 0.03125 0.84375 -0.65625 0.1875 0.40625 0.96875 0.15625 0 
-0.8125 -0.96875 0 -0.59375 -0.46875 0.71875 -0.5625 -0.03125 0.75 0.6875 
-0.4375 0.0625 0.125 0.53125 0.25 0.4375 0.5 0.40625 0.5625 0.03125 0.0625 
-0.46875 -0.65625 -0.5 0.75 0.375 0.125 -0.03125 -0.6875 0.9375 0.15625 
-0.34375 0.5625 -0.125 -0.46875 0.15625 -0.3125 0.1875 -0.84375 0.0625 
-0.78125 0 -0.96875 -0.03125 0.59375 -0.1875 0.40625 -0.21875 0.3125 -0.21875 
0.28125 -0.3125 0.1875 -0.5 0.09375 -0.9375 -0.03125 0.6875 -0.03125 0.6875 
-0.15625 0.5 -0.125 0.65625 -0.21875 0.28125 -0.25 0.25 -0.4375 0.0625 
-0.8125 0.03125 0.8125 -0.0625 -1 -0.03125 0.625 -0.03125 -0.46875 0.53125 
-0.0625 -0.5 0.8125 0.28125 -0.21875 -0.6875 0.65625 0.09375 -0.0625 -0.53125 
-0.34375 -0.40625 0.96875 0.4375 0.65625 0.1875 0.4375 0.78125 0.3125 0.90625 
0.78125 -0.375 0.0625 0.90625 -0.65625 0 0.84375 -0.15625 0.65625 0.40625 
-0.40625 -1 0.9375 -0.46875 -0.625 0.78125 -0.09375 -0.375 -0.34375 0.3125 
0.96875 -1 -0.3125 0.375 0.625 -0.9375 0.21875 0.125 -0.375 -0.875 0.0625 
-0.40625 -0.375 0.96875 -0.125 0.03125 0.8125 -1 -0.3125 0.1875 0.34375 
0.71875 0.46875 0.53125 0.5625 0.46875 0.625 0.21875 0.15625 -0.4375 -0.59375 
-0.4375 0.84375 0.59375 0.1875 0.03125 -0.46875 -1 0.25 -0.28125 0.59375 
-0.0625 -0.40625 0.1875 -0.28125 0.21875 -0.59375 0.09375 -0.6875 0.03125 
-0.90625 0 0.6875 -0.15625 0.46875 -0.1875 0.5 -0.1875 0.34375 -0.28125 
0.21875 -0.4375 0.125 -0.6875 0 0.8125 0 0.75 -0.125 0.59375 -0.09375 0.84375 
-0.1875 0.3125 -0.21875 0.28125 -0.40625 0.09375 -0.71875 0.0625 0.875 
-0.03125 -0.9375 0 0.6875 0 -0.4375 0.8125 0 -0.4375 -1 0.34375 -0.125 -0.5 
0.8125 0.28125 0 -0.40625 -0.125 -0.28125 -0.96875 0.5 0.71875 0.3125 0.71875 
0.90625 0.46875 0.96875 -0.78125 -0.125 0.09375 -1 -0.5625 0.0625 0.96875 
0.1875 0.71875 0.46875 -0.03125 -0.8125 -0.8125 -0.21875 -0.21875 0.84375 
0.0625 0.5 -0.21875 0.40625 -0.65625 -0.8125 0 0.78125 0.71875 -0.53125 
0.59375 0.25 -0.09375 -0.65625 0.125 -0.3125 -0.15625 -0.875 -0.0625 0.21875 
0.96875 -0.75 -0.1875 0.25 0.4375 -1 0.6875 0.59375 0.6875 0.75 0.65625 
0.34375 0.21875 -0.375 -0.1875 -0.375 0.90625 0.6875 0.4375 0.0625 -0.40625 
-0.96875 0.28125 -0.21875 0.65625 0 -0.28125 0.21875 -0.25 0.25 -0.5 0.125 
-0.53125 0.0625 -0.71875 0.03125 0.71875 -0.125 0.5625 -0.15625 0.59375 
-0.15625 0.375 -0.25 0.25 -0.375 0.15625 -0.59375 0.03125 -0.8125 0.03125 
0.90625 -0.09375 0.78125 -0.0625 0.90625 -0.15625 0.375 -0.1875 0.34375 
-0.375 0.125 -0.59375 0.09375 -0.78125 0 -0.875 0.03125 0.75 0.03125 -0.34375 
0.96875 0.03125 -0.34375 -0.84375 0.4375 -0.09375 -0.40625 0.875 0.3125 
0.03125 -0.25 -0.09375 -0.21875 -0.875 0.875 0.9375 0.375 -0.9375 0.96875 
0.84375 -0.96875 -0.625 -0.09375 0.21875 -0.90625 -0.46875 0.21875 -0.8125 
0.28125 -0.375 0.65625 0.25 -0.75 -0.375 0.03125 0 0.9375 0.34375 0.78125 
-0.125 0.5 -0.5 -0.03125 0.125 -0.9375 0.8125 -0.46875 0.8125 0.5 0.03125 
-0.59375 0.4375 -0.21875 0.0625 -0.53125 0.09375 0.5625 -0.8125 -0.6875 
-0.125 0.375 0.59375 -0.75 0.8125 0.75 0.8125 0.84375 0.71875 0.40625 0.25 
-0.3125 -0.125 -0.34375 0.96875 0.875 0.5 0.09375 -0.34375 -0.90625 0.34375 
-0.15625 0.71875 0.03125 -0.25 0.25 -0.21875 0.28125 -0.4375 0.15625 -0.46875 
0.09375 -0.625 0.0625 0.8125 -0.09375 0.625 -0.125 0.65625 -0.125 0.4375 
-0.21875 0.28125 -0.34375 0.1875 -0.5 0.0625 -0.625 0.0625 0.9375 -0.0625 -1 
-0.03125 0.96875 -0.125 0.40625 -0.15625 0.40625 -0.34375 0.15625 -0.5625 
0.125 -0.6875 0.03125 -0.8125 0.0625 0.84375 0.09375 -0.25 -0.9375 0.09375 
-0.28125 -0.71875 0.5625 0 -0.3125 -0.96875 0.34375 0.15625 -0.1875 -0.0625 
-0.15625 -0.625 -0.8125 -0.96875 0.53125 -0.8125 -1 -0.78125 -0.875 -0.59375 
0 0.28125 -0.84375 -0.125 0.28125 -0.46875 0.375 -0.3125 0.75 0.34375 
-0.34375 0.0625 0.09375 0.1875 -0.78125 0.71875 -0.8125 0.4375 0.59375 -0.375 
0.03125 0.25 -0.71875 0.90625 -0.3125 0.96875 0.6875 0.21875 -0.4375 0.875 
-0.09375 0.28125 -0.46875 0.1875 0.625 -0.5625 -0.375 0 0.5 0.65625 -0.6875 
0.875 -1 0.9375 -0.875 0.78125 -0.9375 0.3125 -0.21875 -0.0625 -0.28125 
-0.875 -1 0.65625 0.125 -0.21875 -0.75 0.375 -0.125 0.90625 0.1875 -0.21875 
0.28125 -0.1875 0.3125 -0.40625 0.1875 -0.4375 0.125 -0.59375 0.09375 0.9375 
-0.0625 0.75 -0.09375 0.6875 -0.09375 0.46875 -0.1875 0.34375 -0.28125 
0.21875 -0.4375 0.09375 -0.46875 0.09375 -0.9375 -0.03125 -0.78125 0 -0.9375 
-0.09375 0.4375 -0.125 0.5 -0.3125 0.1875 -0.40625 0.15625 -0.625 0.0625 
-0.71875 0.09375 0.9375 0.15625 -0.21875 -0.8125 0.15625 -0.21875 -0.59375 
0.625 0.09375 -0.21875 -0.875 0.4375 0.21875 0.09375 0 -0.0625 -0.5 -0.71875 
-0.875 0.5625 -0.75 -0.875 -0.71875 -0.53125 -0.28125 0.4375 0.34375 -0.4375 
-0.0625 0.40625 -0.28125 0.5 -0.1875 -0.9375 0.84375 -0.0625 0.5 0.96875 
-0.96875 -0.375 -0.9375 -0.71875 0.5 0.8125 -0.0625 0.28125 0.8125 -0.53125 
-1 -0.21875 -0.3125 0.78125 0.375 -0.375 0.96875 0 0.34375 -0.375 0.3125 
0.9375 -0.46875 -0.25 0.125 0.75 0.78125 -0.5 -0.90625 -0.8125 -0.8125 
-0.71875 0.90625 -0.78125 0.4375 -0.15625 0 -0.25 -0.59375 -0.9375 0.71875 
0.25 -0.1875 -0.625 0.46875 -0.09375 -0.96875 0.375 -0.1875 0.3125 -0.15625 
0.375 -0.28125 0.21875 -0.375 0.15625 -0.5 0.125 -0.78125 -0.03125 -1 -0.0625 
0.8125 -0.0625 0.53125 -0.15625 0.40625 -0.25 0.25 -0.40625 0.125 -0.40625 
0.125 -0.875 0 -0.65625 0.03125 -0.84375 -0.0625 0.53125 -0.09375 0.5625 
-0.28125 0.21875 -0.34375 0.1875 -0.53125 0.09375 -0.5625 0.125 -0.875 0.1875 
-0.15625 -0.71875 0.1875 -0.125 -0.53125 0.65625 0.1875 -0.15625 -0.78125 
0.59375 0.25 0.125 0.0625 -0.03125 -0.34375 -0.65625 -0.78125 0.625 -0.53125 
-0.6875 -0.625 -0.4375 -0.03125 0.5 0.40625 -0.34375 0.1875 0.5 0.0625 
0.78125 0.15625 -0.875 -0.9375 0.1875 0.5625 -0.90625 -0.28125 -0.28125 
-0.84375 0.3125 -0.78125 -0.4375 0.375 0.9375 -0.96875 -0.40625 -0.8125 
0.28125 -0.125 -1 0.71875 -0.0625 -0.9375 0.15625 0.875 -0.28125 0.40625 
-0.9375 -0.3125 0.125 0.3125 -1 0.84375 -0.46875 -0.84375 -0.75 -0.5 -0.625 
0.96875 -0.6875 0.5 -0.0625 0.0625 -0.15625 -0.5 -0.75 0.96875 0.28125 
-0.09375 -0.53125 0.53125 -0.03125 -0.90625 0.4375 -0.15625 0.40625 -0.125 
0.4375 -0.25 0.25 -0.3125 0.1875 -0.34375 0.15625 -0.6875 0 -0.90625 -0.03125 
0.875 -0.03125 0.625 -0.125 0.59375 -0.21875 0.3125 -0.375 0.15625 -0.34375 
0.15625 -0.8125 0.03125 -0.59375 0.0625 -0.6875 -0.03125 0.59375 -0.0625 
0.625 -0.25 0.25 -0.28125 0.21875 -0.46875 0.125 -0.46875 0.15625 -0.6875 
0.28125 -0.09375 -0.65625 0.25 -0.09375 -0.40625 0.71875 0.21875 -0.09375 
-0.6875 0.65625 0.375 0.3125 0.15625 0.09375 -0.3125 -0.59375 -0.5625 0.78125 
-0.0625 -0.59375 -0.5 -0.34375 0.15625 0.5625 0.96875 -0.125 0.65625 0.78125 
0.125 0.9375 0.21875 -0.34375 -0.28125 -0.90625 0.71875 -0.375 0.09375 0 
-0.5625 0.6875 -0.65625 -0.3125 0.5 -0.875 -0.8125 -0.3125 -0.5625 0.375 
0.09375 -0.875 -0.71875 0.3125 -0.65625 0.40625 -0.9375 -0.1875 0.6875 -0.625 
-0.15625 0.25 0.5625 -0.875 0.9375 -0.40625 -0.625 -0.65625 -0.40625 -0.5 
-0.96875 -0.59375 0.5625 0.03125 0.34375 -0.0625 -0.25 -0.625 -0.8125 0.34375 
-0.03125 -0.375 0.75 0 -0.84375 0.5625 -0.125 0.5 -0.09375 0.46875 -0.21875 
0.28125 -0.28125 0.21875 -0.3125 0.1875 -0.625 0.03125 -0.875 0 0.96875 0 
0.6875 -0.09375 0.65625 -0.1875 0.34375 -0.3125 0.1875 -0.3125 0.1875 -0.75 
0.0625 -0.5625 0.09375 -0.59375 0 0.65625 -0.03125 0.71875 -0.21875 0.28125 
-0.25 0.25 -0.375 0.15625 -0.4375 0.1875 -0.625 0.3125 -0.03125 -0.59375 
0.34375 -0.03125 -0.3125 0.75 0.25 -0.0625 -0.625 0.71875 0.5 0.4375 0.1875 
0.1875 -0.25 -0.53125 -0.5 0.84375 -0.03125 -0.53125 -0.09375 -0.21875 
0.28125 0.65625 -0.6875 0.09375 0.75 -0.9375 0.34375 -0.96875 0.5 -0.1875 
-0.21875 -0.625 0.8125 -0.15625 0.3125 0.15625 -0.28125 0.9375 -0.59375 
-0.21875 0.625 -0.53125 -0.15625 -0.21875 -0.34375 0.4375 0.34375 -0.59375 
-0.53125 0.53125 -0.46875 0.53125 -0.75 0 -0.84375 -0.28125 -0.0625 0.375 
0.6875 -0.8125 -0.9375 -0.3125 -0.5625 -0.59375 -0.25 -0.3125 -0.59375 
-0.53125 0.65625 0.125 0.5 0.03125 -0.21875 -0.5625 -0.6875 0.46875 0.03125 
-0.3125 0.84375 0.09375 -0.71875 0.65625 -0.09375 0.53125 -0.0625 0.5625 
-0.1875 0.3125 -0.25 0.25 -0.28125 0.21875 -0.5625 0.0625 -0.75 0.03125 
-0.8125 0.03125 0.90625 -0.0625 0.78125 -0.15625 0.40625 -0.28125 0.21875 
-0.28125 0.21875 -0.6875 0.09375 -0.5 0.125 -0.53125 0.03125 0.71875 0 
0.78125 -0.1875 0.375 -0.21875 0.28125 -0.3125 0.1875 -0.28125 0.21875 
-0.53125 0.5 0.03125 -0.53125 0.40625 0.09375 -0.15625 0.90625 0.34375 
-0.03125 -0.5625 -0.71875 0.53125 0.59375 0.25 0.25 -0.1875 -0.375 -0.4375 
-0.6875 0.09375 -0.40625 -0.03125 -0.125 0.40625 0.78125 -0.59375 0.25 0.9375 
-0.71875 0.4375 -0.78125 0.84375 0 -0.125 -0.53125 -0.96875 0.3125 0.40625 
0.4375 -0.15625 -0.96875 0 0.25 -0.9375 -0.46875 -0.0625 -0.125 0.0625 
0.71875 0.40625 -0.3125 -0.25 0.59375 0.1875 0.65625 -0.59375 0.25 -0.75 
-0.21875 0.03125 0.4375 0.78125 -0.65625 -0.53125 -0.25 -0.40625 -0.46875 
-0.15625 -0.25 -0.4375 -0.5 0.6875 0.15625 0.625 0.125 -0.15625 -0.46875 
-0.5625 0.5625 0.125 -0.28125 -0.78125 0.125 -0.65625 0.71875 -0.0625 0.78125 
-0.03125 0.59375 -0.15625 0.375 -0.21875 0.3125 -0.25 0.25 -0.53125 0.09375 
-0.59375 0.0625 -0.71875 0.0625 -1 -0.03125 0.84375 -0.125 0.46875 -0.25 0.25 
-0.25 0.25 -0.53125 0.125 -0.4375 0.15625 -0.5 0.0625 0.78125 0.03125 0.84375 
-0.15625 0.4375 -0.1875 0.3125 -0.28125 0.21875 -0.25 0.25 -0.375 0.5625 
0.0625 -0.4375 0.59375 0.125 -0.09375 -0.9375 0.40625 0.03125 -0.375 -0.59375 
0.75 0.625 0.46875 0.28125 -0.125 -0.25 -0.375 -0.625 0.15625 -0.375 0.0625 
0.03125 0.71875 0.90625 -0.5 0.28125 -1 -0.65625 0.65625 -0.6875 -0.71875 
0.09375 0.0625 -0.46875 -0.71875 0.46875 -0.90625 0.65625 0 -0.625 0.21875 
0.75 -0.59375 -0.375 0.5 -0.03125 0.21875 -1 0.875 -0.1875 -0.1875 0.78125 
0.28125 0.8125 -0.0625 0.375 -0.6875 -0.125 0.09375 0.5 0.96875 -0.5 -0.34375 
-0.21875 -0.1875 -0.34375 -0.09375 -0.1875 -0.375 -0.40625 0.84375 0.28125 
0.6875 0.15625 0 -0.40625 -0.5 0.75 0.15625 -0.1875 -0.6875 0.15625 -0.53125 
0.84375 -0.03125 -0.9375 0 0.625 -0.125 0.5 -0.1875 0.375 -0.21875 0.28125 
-0.46875 0.125 -0.5 0.09375 -0.65625 0.09375 -0.90625 0 0.96875 -0.09375 0.5 
-0.21875 0.3125 -0.21875 0.3125 -0.34375 0.15625 -0.375 0.1875 -0.4375 
0.09375 -0.8125 0.0625 0.875 -0.125 0.46875 -0.15625 0.40625 -0.25 0.25 
-0.21875 0.3125 -0.34375 0.65625 0.125 -0.40625 0.65625 0.1875 -0.0625 -0.875 
0.53125 0.125 -0.28125 -0.46875 0.84375 0.6875 0.53125 0.34375 0 -0.15625 
-0.28125 -0.46875 0.25 -0.3125 0.15625 0.09375 0.84375 -0.9375 -0.3125 
0.34375 -0.84375 -0.5625 0.71875 -0.5 -0.59375 0.15625 0.28125 -0.28125 
-0.625 0.5625 -0.6875 -1 0.15625 -0.46875 0.34375
##$GradPhaseVector=( 2048 )
-1 -0.984375 -0.9375 -0.90625 -0.875 -0.84375 -0.796875 -0.765625 -0.734375 
-0.71875 -0.6875 -0.65625 -0.640625 -0.625 -0.59375 -0.578125 -0.546875 
-0.53125 -0.515625 -0.5 -0.46875 -0.453125 -0.4375 -0.421875 -0.40625 
-0.390625 -0.375 -0.359375 -0.34375 -0.328125 -0.328125 -0.3125 -0.28125 
-0.28125 -0.265625 -0.25 -0.234375 -0.234375 -0.21875 -0.203125 -0.1875 
-0.1875 -0.171875 -0.171875 -0.15625 -0.140625 -0.140625 -0.140625 -0.125 
-0.125 -0.109375 -0.109375 -0.09375 -0.09375 -0.078125 -0.078125 -0.0625 
-0.0625 -0.046875 -0.046875 -0.03125 -0.03125 -0.015625 -0.015625 -0.015625 0 
0 0.015625 0.015625 0.03125 0.03125 0.046875 0.046875 0.0625 0.0625 0.078125 
0.078125 0.09375 0.09375 0.09375 0.109375 0.109375 0.125 0.125 0.140625 
0.140625 0.15625 0.15625 0.171875 0.1875 0.1875 0.203125 0.21875 0.234375 
0.234375 0.25 0.265625 0.28125 0.28125 0.296875 0.3125 0.328125 0.34375 
0.359375 0.375 0.390625 0.40625 0.421875 0.4375 0.453125 0.484375 0.5 
0.515625 0.53125 0.5625 0.578125 0.609375 0.625 0.65625 0.671875 0.703125 
0.734375 0.765625 0.796875 0.84375 0.875 0.90625 0.953125 -1 -0.96875 -0.9375 
-0.90625 -0.875 -0.84375 -0.796875 -0.765625 -0.734375 -0.71875 -0.6875 
-0.65625 -0.640625 -0.609375 -0.59375 -0.578125 -0.546875 -0.53125 -0.515625 
-0.484375 -0.46875 -0.453125 -0.4375 -0.421875 -0.40625 -0.390625 -0.375 
-0.359375 -0.34375 -0.328125 -0.3125 -0.3125 -0.28125 -0.28125 -0.265625 
-0.25 -0.234375 -0.234375 -0.21875 -0.203125 -0.1875 -0.1875 -0.171875 
-0.171875 -0.15625 -0.140625 -0.140625 -0.140625 -0.125 -0.125 -0.109375 
-0.109375 -0.09375 -0.09375 -0.078125 -0.078125 -0.0625 -0.0625 -0.046875 
-0.046875 -0.03125 -0.03125 -0.015625 -0.015625 -0.015625 0 0 0.015625 
0.015625 0.03125 0.03125 0.046875 0.046875 0.0625 0.0625 0.078125 0.078125 
0.09375 0.09375 0.09375 0.109375 0.109375 0.125 0.125 0.140625 0.140625 
0.15625 0.15625 0.171875 0.1875 0.1875 0.203125 0.21875 0.234375 0.234375 
0.25 0.265625 0.28125 0.296875 0.3125 0.3125 0.328125 0.34375 0.359375 0.375 
0.390625 0.40625 0.421875 0.4375 0.453125 0.484375 0.5 0.515625 0.53125 
0.5625 0.578125 0.609375 0.625 0.65625 0.671875 0.703125 0.734375 0.765625 
0.796875 0.84375 0.875 0.90625 0.953125 -1 -0.96875 -0.9375 -0.90625 
-0.859375 -0.828125 -0.796875 -0.765625 -0.734375 -0.71875 -0.6875 -0.65625 
-0.640625 -0.609375 -0.59375 -0.5625 -0.546875 -0.53125 -0.515625 -0.484375 
-0.46875 -0.453125 -0.4375 -0.421875 -0.40625 -0.390625 -0.375 -0.359375 
-0.34375 -0.328125 -0.3125 -0.3125 -0.28125 -0.28125 -0.265625 -0.25 
-0.234375 -0.21875 -0.21875 -0.203125 -0.1875 -0.1875 -0.171875 -0.15625 
-0.15625 -0.140625 -0.140625 -0.140625 -0.125 -0.125 -0.109375 -0.109375 
-0.09375 -0.09375 -0.078125 -0.078125 -0.0625 -0.0625 -0.046875 -0.046875 
-0.03125 -0.03125 -0.015625 -0.015625 -0.015625 0 0 0.015625 0.015625 0.03125 
0.03125 0.046875 0.046875 0.0625 0.0625 0.078125 0.078125 0.09375 0.09375 
0.109375 0.109375 0.109375 0.125 0.125 0.140625 0.140625 0.15625 0.171875 
0.171875 0.1875 0.203125 0.203125 0.21875 0.234375 0.25 0.25 0.265625 0.28125 
0.296875 0.3125 0.328125 0.328125 0.34375 0.359375 0.375 0.390625 0.40625 
0.421875 0.4375 0.453125 0.484375 0.5 0.515625 0.53125 0.5625 0.578125 
0.609375 0.625 0.65625 0.6875 0.703125 0.734375 0.765625 0.796875 0.84375 
0.875 0.90625 0.953125 -1 -0.96875 -0.9375 -0.90625 -0.859375 -0.828125 
-0.796875 -0.765625 -0.734375 -0.71875 -0.6875 -0.65625 -0.640625 -0.609375 
-0.59375 -0.5625 -0.546875 -0.53125 -0.515625 -0.484375 -0.46875 -0.453125 
-0.4375 -0.421875 -0.40625 -0.390625 -0.375 -0.359375 -0.34375 -0.328125 
-0.3125 -0.3125 -0.28125 -0.28125 -0.265625 -0.25 -0.234375 -0.21875 -0.21875 
-0.203125 -0.1875 -0.1875 -0.171875 -0.15625 -0.15625 -0.140625 -0.140625 
-0.125 -0.125 -0.125 -0.109375 -0.109375 -0.09375 -0.09375 -0.078125 
-0.078125 -0.0625 -0.0625 -0.046875 -0.046875 -0.03125 -0.03125 -0.015625 
-0.015625 -0.015625 0 0 0.015625 0.015625 0.03125 0.03125 0.046875 0.046875 
0.0625 0.0625 0.078125 0.078125 0.09375 0.09375 0.109375 0.109375 0.109375 
0.125 0.125 0.140625 0.140625 0.15625 0.171875 0.171875 0.1875 0.203125 
0.203125 0.21875 0.234375 0.25 0.25 0.265625 0.28125 0.296875 0.3125 0.328125 
0.328125 0.34375 0.359375 0.375 0.390625 0.40625 0.421875 0.4375 0.453125 
0.484375 0.5 0.515625 0.53125 0.5625 0.578125 0.609375 0.625 0.65625 0.6875 
0.703125 0.734375 0.765625 0.8125 0.84375 0.890625 0.90625 0.953125 -1 
-0.96875 -0.9375 -0.890625 -0.859375 -0.828125 -0.796875 -0.765625 -0.734375 
-0.703125 -0.6875 -0.65625 -0.625 -0.609375 -0.59375 -0.5625 -0.546875 
-0.53125 -0.515625 -0.484375 -0.46875 -0.453125 -0.4375 -0.421875 -0.40625 
-0.390625 -0.375 -0.359375 -0.34375 -0.328125 -0.3125 -0.296875 -0.28125 
-0.28125 -0.265625 -0.25 -0.234375 -0.21875 -0.21875 -0.203125 -0.1875 
-0.1875 -0.171875 -0.15625 -0.15625 -0.140625 -0.140625 -0.125 -0.125 
-0.109375 -0.109375 -0.109375 -0.09375 -0.09375 -0.078125 -0.078125 -0.0625 
-0.0625 -0.046875 -0.046875 -0.03125 -0.03125 -0.015625 -0.015625 0 0 0 
0.015625 0.015625 0.03125 0.03125 0.046875 0.046875 0.0625 0.0625 0.078125 
0.078125 0.09375 0.09375 0.109375 0.109375 0.109375 0.125 0.125 0.140625 
0.140625 0.15625 0.171875 0.171875 0.1875 0.203125 0.203125 0.21875 0.234375 
0.25 0.25 0.265625 0.28125 0.296875 0.3125 0.328125 0.328125 0.34375 0.359375 
0.375 0.390625 0.40625 0.421875 0.4375 0.453125 0.484375 0.5 0.515625 
0.546875 0.5625 0.578125 0.609375 0.625 0.65625 0.6875 0.703125 0.734375 
0.78125 0.8125 0.84375 0.890625 0.90625 0.96875 -1 -0.96875 -0.9375 -0.890625 
-0.859375 -0.828125 -0.796875 -0.765625 -0.734375 -0.703125 -0.671875 
-0.65625 -0.625 -0.609375 -0.59375 -0.5625 -0.546875 -0.53125 -0.515625 
-0.484375 -0.46875 -0.453125 -0.4375 -0.421875 -0.40625 -0.390625 -0.375 
-0.359375 -0.34375 -0.328125 -0.3125 -0.296875 -0.28125 -0.28125 -0.265625 
-0.25 -0.234375 -0.21875 -0.21875 -0.203125 -0.1875 -0.1875 -0.171875 
-0.15625 -0.15625 -0.140625 -0.140625 -0.125 -0.125 -0.109375 -0.109375 
-0.09375 -0.09375 -0.09375 -0.078125 -0.078125 -0.0625 -0.0625 -0.046875 
-0.046875 -0.03125 -0.03125 -0.015625 -0.015625 0 0 0 0.015625 0.015625 
0.03125 0.03125 0.046875 0.046875 0.0625 0.0625 0.078125 0.078125 0.09375 
0.09375 0.109375 0.109375 0.109375 0.125 0.140625 0.140625 0.140625 0.15625 
0.171875 0.171875 0.1875 0.203125 0.203125 0.21875 0.234375 0.25 0.25 
0.265625 0.28125 0.296875 0.3125 0.328125 0.328125 0.34375 0.359375 0.375 
0.390625 0.40625 0.421875 0.4375 0.453125 0.484375 0.5 0.515625 0.546875 
0.5625 0.578125 0.609375 0.625 0.65625 0.6875 0.71875 0.734375 0.78125 0.8125 
0.84375 0.890625 0.921875 0.96875 -1 -0.96875 -0.921875 -0.890625 -0.859375 
-0.828125 -0.78125 -0.765625 -0.734375 -0.703125 -0.671875 -0.65625 -0.625 
-0.609375 -0.59375 -0.5625 -0.546875 -0.53125 -0.5 -0.484375 -0.46875 
-0.453125 -0.4375 -0.421875 -0.40625 -0.390625 -0.375 -0.359375 -0.34375 
-0.328125 -0.3125 -0.296875 -0.28125 -0.28125 -0.265625 -0.25 -0.234375 
-0.21875 -0.203125 -0.203125 -0.1875 -0.1875 -0.171875 -0.15625 -0.15625 
-0.140625 -0.140625 -0.125 -0.125 -0.109375 -0.109375 -0.09375 -0.09375 
-0.09375 -0.078125 -0.078125 -0.0625 -0.0625 -0.046875 -0.046875 -0.03125 
-0.03125 -0.015625 -0.015625 0 0 0 0.015625 0.015625 0.03125 0.03125 0.046875 
0.046875 0.0625 0.0625 0.078125 0.078125 0.09375 0.09375 0.109375 0.109375 
0.109375 0.125 0.140625 0.140625 0.140625 0.15625 0.171875 0.171875 0.1875 
0.203125 0.21875 0.21875 0.234375 0.25 0.25 0.265625 0.28125 0.296875 0.3125 
0.328125 0.34375 0.34375 0.359375 0.375 0.390625 0.40625 0.421875 0.4375 
0.46875 0.484375 0.5 0.53125 0.546875 0.5625 0.578125 0.609375 0.625 0.65625 
0.6875 0.71875 0.75 0.78125 0.8125 0.84375 0.890625 0.921875 0.96875 -1 
-0.953125 -0.921875 -0.890625 -0.859375 -0.828125 -0.78125 -0.765625 
-0.734375 -0.703125 -0.671875 -0.65625 -0.625 -0.609375 -0.578125 -0.5625 
-0.546875 -0.53125 -0.5 -0.484375 -0.46875 -0.453125 -0.421875 -0.421875 
-0.40625 -0.390625 -0.375 -0.359375 -0.34375 -0.328125 -0.3125 -0.296875 
-0.28125 -0.28125 -0.265625 -0.25 -0.234375 -0.21875 -0.203125 -0.203125 
-0.1875 -0.1875 -0.171875 -0.15625 -0.15625 -0.140625 -0.140625 -0.125 -0.125 
-0.109375 -0.109375 -0.09375 -0.09375 -0.09375 -0.078125 -0.078125 -0.0625 
-0.0625 -0.046875 -0.046875 -0.03125 -0.03125 -0.015625 -0.015625 0 0 
0.015625 0.015625 0.015625 0.03125 0.03125 0.046875 0.046875 0.0625 0.0625 
0.078125 0.078125 0.09375 0.09375 0.109375 0.109375 0.125 0.125 0.140625 
0.140625 0.140625 0.15625 0.171875 0.171875 0.1875 0.203125 0.21875 0.21875 
0.234375 0.25 0.25 0.265625 0.28125 0.296875 0.3125 0.328125 0.34375 0.34375 
0.359375 0.375 0.40625 0.40625 0.421875 0.453125 0.46875 0.484375 0.5 0.53125 
0.546875 0.5625 0.59375 0.609375 0.640625 0.65625 0.6875 0.71875 0.75 0.78125 
0.8125 0.84375 0.890625 0.921875 0.96875 -1 -0.953125 -0.921875 -0.890625 
-0.84375 -0.828125 -0.78125 -0.765625 -0.734375 -0.703125 -0.671875 -0.65625 
-0.625 -0.609375 -0.578125 -0.5625 -0.546875 -0.515625 -0.5 -0.484375 
-0.46875 -0.453125 -0.421875 -0.421875 -0.40625 -0.390625 -0.375 -0.359375 
-0.34375 -0.328125 -0.3125 -0.296875 -0.28125 -0.28125 -0.265625 -0.25 
-0.234375 -0.21875 -0.203125 -0.203125 -0.1875 -0.1875 -0.171875 -0.15625 
-0.15625 -0.140625 -0.140625 -0.125 -0.125 -0.109375 -0.109375 -0.09375 
-0.09375 -0.09375 -0.078125 -0.078125 -0.0625 -0.0625 -0.046875 -0.046875 
-0.03125 -0.03125 -0.015625 -0.015625 0 0 0.015625 0.015625 0.015625 0.03125 
0.046875 0.046875 0.046875 0.0625 0.0625 0.078125 0.078125 0.09375 0.09375 
0.109375 0.109375 0.125 0.125 0.140625 0.140625 0.140625 0.15625 0.171875 
0.1875 0.1875 0.203125 0.21875 0.21875 0.234375 0.25 0.265625 0.265625 
0.28125 0.296875 0.3125 0.328125 0.34375 0.359375 0.375 0.375 0.40625 
0.421875 0.4375 0.453125 0.46875 0.484375 0.5 0.53125 0.546875 0.5625 0.59375 
0.609375 0.640625 0.65625 0.6875 0.71875 0.75 0.78125 0.8125 0.859375 
0.890625 0.9375 0.96875 -1 -0.953125 -0.921875 -0.890625 -0.84375 -0.828125 
-0.78125 -0.765625 -0.734375 -0.703125 -0.671875 -0.65625 -0.625 -0.609375 
-0.578125 -0.5625 -0.546875 -0.515625 -0.5 -0.484375 -0.46875 -0.453125 
-0.421875 -0.421875 -0.390625 -0.390625 -0.359375 -0.359375 -0.328125 
-0.328125 -0.3125 -0.296875 -0.28125 -0.265625 -0.25 -0.25 -0.234375 -0.21875 
-0.203125 -0.203125 -0.1875 -0.1875 -0.171875 -0.15625 -0.15625 -0.140625 
-0.140625 -0.125 -0.125 -0.109375 -0.109375 -0.09375 -0.09375 -0.09375 
-0.078125 -0.078125 -0.0625 -0.0625 -0.046875 -0.046875 -0.03125 -0.03125 
-0.015625 -0.015625 0 0 0.015625 0.015625 0.03125 0.03125 0.046875 0.046875 
0.0625 0.0625 0.0625 0.078125 0.078125 0.09375 0.09375 0.109375 0.109375 
0.125 0.125 0.140625 0.140625 0.140625 0.15625 0.171875 0.1875 0.1875 
0.203125 0.21875 0.21875 0.234375 0.25 0.265625 0.265625 0.28125 0.296875 
0.3125 0.328125 0.34375 0.359375 0.375 0.375 0.40625 0.421875 0.4375 0.453125 
0.46875 0.484375 0.5 0.53125 0.546875 0.5625 0.59375 0.609375 0.640625 
0.671875 0.6875 0.71875 0.75 0.78125 0.828125 0.859375 0.90625 0.9375 0.96875 
-1 -0.953125 -0.921875 -0.890625 -0.84375 -0.8125 -0.78125 -0.75 -0.734375 
-0.703125 -0.671875 -0.65625 -0.625 -0.609375 -0.578125 -0.5625 -0.546875 
-0.515625 -0.5 -0.484375 -0.46875 -0.453125 -0.421875 -0.40625 -0.390625 
-0.375 -0.359375 -0.359375 -0.328125 -0.328125 -0.3125 -0.296875 -0.28125 
-0.265625 -0.25 -0.25 -0.234375 -0.21875 -0.203125 -0.203125 -0.1875 
-0.171875 -0.171875 -0.15625 -0.15625 -0.140625 -0.140625 -0.125 -0.125 
-0.109375 -0.109375 -0.09375 -0.09375 -0.078125 -0.078125 -0.0625 -0.0625 
-0.0625 -0.046875 -0.046875 -0.03125 -0.03125 -0.015625 -0.015625 0 0 
0.015625 0.015625 0.03125 0.03125 0.046875 0.046875 0.0625 0.0625 0.0625 
0.078125 0.078125 0.09375 0.09375 0.109375 0.109375 0.125 0.125 0.140625 
0.140625 0.15625 0.15625 0.171875 0.1875 0.1875 0.203125 0.21875 0.21875 
0.234375 0.25 0.265625 0.265625 0.28125 0.296875 0.3125 0.328125 0.34375 
0.359375 0.375 0.375 0.40625 0.421875 0.4375 0.453125 0.46875 0.484375 0.5 
0.53125 0.546875 0.5625 0.59375 0.609375 0.640625 0.671875 0.703125 0.71875 
0.75 0.796875 0.828125 0.859375 0.90625 0.9375 0.984375 -0.984375 -0.953125 
-0.921875 -0.875 -0.84375 -0.8125 -0.78125 -0.75 -0.71875 -0.703125 -0.671875 
-0.640625 -0.625 -0.609375 -0.578125 -0.5625 -0.53125 -0.515625 -0.5 
-0.484375 -0.453125 -0.453125 -0.421875 -0.40625 -0.390625 -0.375 -0.359375 
-0.359375 -0.328125 -0.328125 -0.3125 -0.296875 -0.28125 -0.265625 -0.25 
-0.25 -0.234375 -0.21875 -0.203125 -0.203125 -0.1875 -0.171875 -0.171875 
-0.15625 -0.15625 -0.140625 -0.140625 -0.125 -0.125 -0.109375 -0.109375 
-0.09375 -0.09375 -0.078125 -0.078125 -0.0625 -0.0625 -0.0625 -0.046875 
-0.046875 -0.03125 -0.03125 -0.015625 -0.015625 0 0 0.015625 0.015625 0.03125 
0.03125 0.046875 0.046875 0.0625 0.0625 0.0625 0.078125 0.078125 0.09375 
0.09375 0.109375 0.109375 0.125 0.125 0.140625 0.140625 0.15625 0.15625 
0.171875 0.1875 0.1875 0.203125 0.21875 0.21875 0.234375 0.25 0.265625 
0.265625 0.28125 0.296875 0.3125 0.328125 0.34375 0.359375 0.375 0.375 
0.40625 0.421875 0.4375 0.453125 0.46875 0.484375 0.5 0.53125 0.546875 0.5625 
0.59375 0.609375 0.640625 0.671875 0.703125 0.734375 0.75 0.796875 0.828125 
0.859375 0.90625 0.9375 0.984375 -0.984375 -0.953125 -0.90625 -0.875 -0.84375 
-0.8125 -0.78125 -0.75 -0.71875 -0.6875 -0.671875 -0.640625 -0.625 -0.59375 
-0.578125 -0.5625 -0.53125 -0.515625 -0.5 -0.484375 -0.453125 -0.453125 
-0.421875 -0.40625 -0.390625 -0.375 -0.359375 -0.34375 -0.328125 -0.328125 
-0.3125 -0.296875 -0.28125 -0.265625 -0.25 -0.234375 -0.234375 -0.21875 
-0.203125 -0.203125 -0.1875 -0.171875 -0.171875 -0.15625 -0.15625 -0.140625 
-0.140625 -0.125 -0.125 -0.109375 -0.109375 -0.09375 -0.09375 -0.078125 
-0.078125 -0.0625 -0.0625 -0.0625 -0.046875 -0.046875 -0.03125 -0.03125 
-0.015625 -0.015625 0 0 0.015625 0.015625 0.03125 0.03125 0.046875 0.046875 
0.0625 0.0625 0.0625 0.078125 0.078125 0.09375 0.09375 0.109375 0.109375 
0.125 0.125 0.140625 0.140625 0.15625 0.15625 0.171875 0.1875 0.1875 0.203125 
0.21875 0.21875 0.234375 0.25 0.265625 0.265625 0.28125 0.296875 0.3125 
0.328125 0.34375 0.359375 0.375 0.375 0.40625 0.421875 0.4375 0.453125 
0.46875 0.484375 0.515625 0.53125 0.546875 0.578125 0.59375 0.625 0.640625 
0.671875 0.703125 0.734375 0.75 0.796875 0.828125 0.859375 0.90625 0.9375 
0.984375 -0.984375 -0.953125 -0.90625 -0.875 -0.84375 -0.8125 -0.78125 -0.75 
-0.71875 -0.6875 -0.671875 -0.640625 -0.625 -0.59375 -0.578125 -0.546875 
-0.53125 -0.515625 -0.5 -0.484375 -0.453125 -0.4375 -0.421875 -0.40625 
-0.390625 -0.375 -0.359375 -0.34375 -0.328125 -0.328125 -0.3125 -0.296875 
-0.28125 -0.265625 -0.25 -0.234375 -0.234375 -0.21875 -0.203125 -0.203125 
-0.1875 -0.171875 -0.171875 -0.15625 -0.15625 -0.140625 -0.140625 -0.125 
-0.125 -0.109375 -0.109375 -0.09375 -0.09375 -0.078125 -0.078125 -0.0625 
-0.0625 -0.046875 -0.046875 -0.046875 -0.03125 -0.03125 -0.015625 -0.015625 0 
0 0.015625 0.015625 0.03125 0.03125 0.046875 0.046875 0.0625 0.0625 0.0625 
0.078125 0.078125 0.09375 0.09375 0.109375 0.109375 0.125 0.125 0.140625 
0.140625 0.15625 0.15625 0.171875 0.1875 0.1875 0.203125 0.21875 0.21875 
0.234375 0.25 0.265625 0.28125 0.28125 0.296875 0.3125 0.328125 0.34375 
0.359375 0.375 0.390625 0.40625 0.421875 0.4375 0.453125 0.46875 0.484375 
0.515625 0.53125 0.546875 0.578125 0.59375 0.625 0.640625 0.671875 0.703125 
0.734375 0.765625 0.796875 0.828125 0.859375 0.90625 0.953125 0.984375 
-0.984375 -0.9375 -0.90625 -0.875 -0.84375 -0.8125 -0.78125 -0.75 -0.71875 
-0.6875 -0.671875 -0.640625 -0.625 -0.59375 -0.578125 -0.546875 -0.53125 
-0.515625 -0.5 -0.484375 -0.453125 -0.4375 -0.421875 -0.40625 -0.390625 
-0.375 -0.359375 -0.34375 -0.328125 -0.328125 -0.3125 -0.296875 -0.28125 
-0.265625 -0.25 -0.234375 -0.234375 -0.21875 -0.203125 -0.1875 -0.1875 
-0.171875 -0.171875 -0.15625 -0.15625 -0.140625 -0.140625 -0.125 -0.125 
-0.109375 -0.109375 -0.09375 -0.09375 -0.078125 -0.078125 -0.0625 -0.0625 
-0.046875 -0.046875 -0.03125 -0.03125 -0.03125 -0.015625 -0.015625 0 0 
0.015625 0.015625 0.03125 0.03125 0.046875 0.046875 0.0625 0.0625 0.0625 
0.078125 0.078125 0.09375 0.09375 0.109375 0.109375 0.125 0.125 0.140625 
0.140625 0.15625 0.15625 0.171875 0.1875 0.1875 0.203125 0.21875 0.234375 
0.234375 0.25 0.265625 0.28125 0.28125 0.296875 0.3125 0.328125 0.34375 
0.359375 0.375 0.390625 0.40625 0.421875 0.4375 0.453125 0.46875 0.484375 
0.515625 0.53125 0.5625 0.578125 0.59375 0.625 0.65625 0.671875 0.703125 
0.734375 0.765625 0.796875 0.84375 0.859375 0.90625 0.953125 0.984375 
-0.984375 -0.9375 -0.90625 -0.875 -0.84375 -0.8125 -0.765625 -0.75 -0.71875 
-0.6875 -0.671875 -0.640625 -0.625 -0.59375 -0.578125 -0.546875 -0.53125 
-0.515625 -0.5 -0.484375 -0.453125 -0.4375 -0.421875 -0.40625 -0.390625 
-0.375 -0.359375 -0.34375 -0.328125 -0.328125 -0.3125 -0.296875 -0.28125 
-0.265625 -0.25 -0.234375 -0.234375 -0.21875 -0.203125 -0.1875 -0.1875 
-0.171875 -0.171875 -0.15625 -0.140625 -0.140625 -0.140625 -0.125 -0.125 
-0.109375 -0.109375 -0.09375 -0.09375 -0.078125 -0.078125 -0.0625 -0.0625 
-0.046875 -0.046875 -0.03125 -0.03125 -0.03125 -0.015625 -0.015625 0 0 
0.015625 0.015625 0.03125 0.03125 0.046875 0.046875 0.0625 0.0625 0.078125 
0.078125 0.078125 0.09375 0.09375 0.109375 0.109375 0.125 0.125 0.140625 
0.140625 0.15625 0.15625 0.171875 0.1875 0.1875 0.203125 0.21875 0.234375 
0.234375 0.25 0.265625 0.28125 0.28125 0.296875 0.3125 0.328125 0.34375 
0.359375 0.375 0.390625 0.40625 0.421875 0.4375 0.453125 0.46875 0.5 0.515625 
0.53125 0.5625 0.578125 0.59375 0.625 0.65625 0.671875 0.703125 0.734375 
0.765625 0.796875 0.84375 0.875 0.90625 0.953125 0.984375
##$AccCSY=2.05
##$AccCSZ=2.05
##$AccTotale=3.99414919551438
$$ @vis= RecoveryDelay Acqmask GradSliceVector GradPhaseVector AccCSY AccCSZ
##$Genpoint=2048
##$EnableCS=Compressed_Sensing
##$CenterMaskSize=20
##$CsMode=Mask_With_algorithm
##$GenpointMask=3
$$ @vis= AccTotale Genpoint EnableCS CenterMaskSize CsMode GenpointMask
##$PVM_Isotropic=Isotropic_None
##$PVM_Fov=( 3 )
25 20 18
##$PVM_FovCm=( 3 )
2.5 2 1.8
##$PVM_SpatResol=( 3 )
0.1953125 0.15625 0.28125
##$PVM_SliceThick=18
$$ @vis= CalcMask Sequence_Details PVM_Isotropic PVM_Fov PVM_SpatResol
##$PVM_ObjOrderScheme=Interlaced
##$PVM_ObjOrderList=( 1 )
0
##$PVM_NSPacks=1
##$PVM_SPackArrNSlices=( 1 )
1
$$ @vis= PVM_SliceThick PVM_ObjOrderScheme PVM_ObjOrderList PVM_NSPacks
##$PVM_MajSliceOri=No
##$PVM_SPackArrSliceOrient=( 1 )
coronal
##$PVM_SPackArrReadOrient=( 1 )
H_F
$$ @vis= PVM_SPackArrNSlices PVM_MajSliceOri PVM_SPackArrSliceOrient
##$PVM_SPackArrReadOffset=( 1 )
0
##$PVM_SPackArrPhase1Offset=( 1 )
0
$$ @vis= PVM_SPackArrReadOrient PVM_SPackArrReadOffset
##$PVM_SPackArrPhase2Offset=( 1 )
0
##$PVM_SPackArrSliceOffset=( 1 )
0
##$PVM_SPackArrSliceGapMode=( 1 )
non_contiguous
$$ @vis= PVM_SPackArrPhase1Offset PVM_SPackArrSliceOffset
##$PVM_SPackArrSliceGap=( 1 )
0
##$PVM_SPackArrSliceDistance=( 1 )
18
$$ @vis= PVM_SPackArrSliceGapMode PVM_SPackArrSliceGap
##$PVM_SPackArrGradOrient=( 1, 3, 3 )
0 0 1 1 0 0 0 1 0
##$PVM_SliceGeo=( 1 )
(((0 0 -1 1 0 0 0 -1 0, 0 0 0), 25 20 18, <+R;read> <+P;phase> <+S;slice>, 0),
 64, 8, 512, 0.28125, 0, No)
##$PVM_SliceGeoObj=(<BRUKER_SLICEPACKAGE>, GeoCuboidPackId, Standard_GobjShape,
 <PVM_SliceGeo>, <PVM_ObjOrderList>, 0, <R;read> <P;phase> <S;slice>, Yes, 
658968)
##$PVM_EffPhase0Offset=( 1 )
0
##$PVM_EffPhase1Offset=( 1 )
0
##$PVM_EffPhase2Offset=( 1 )
-0
##$PVM_EffSliceOffset=( 1 )
0
##$PVM_EffReadOffset=( 1 )
0
##$PVM_Phase0Offset=( 1 )
0
##$PVM_Phase1Offset=( 1 )
0
##$PVM_Phase2Offset=( 1 )
0
##$PVM_SliceOffset=( 1 )
0
##$PVM_ReadOffset=( 1 )
0
$$ @vis= PVM_SPackArrSliceDistance PVM_SliceGeo PVM_SliceGeoObj
##$PVM_DummyScans=0
##$PVM_DummyScansDur=0
$$ @vis= SliceOffsetPars ImageGeometry PVM_DummyScans PVM_DummyScansDur
##$PVM_FreqDriftYN=No
##$PVM_NMovieFrames=1
##$TimeForMovieFrames=7
##$PVM_EvolutionOnOff=Off
##$PVM_NEvolutionCycles=2
##$PVM_EvolutionCycles=1
##$PVM_EvolutionMode=Constant_Delay
##$PVM_EvolutionTime=( 2 )
1 0
##$PVM_EvolutionDelay=1
##$PVM_EvolutionModuleTime=0
##$PVM_TriggerModule=Off
$$ @vis= DummyScans_Parameters PVM_NMovieFrames PVM_EvolutionOnOff
##$PVM_TriggerMode=per_PhaseStep
##$PVM_TriggerDelay=1
##$PVM_TriggerDur=0.01
##$PVM_TriggerModuleTime=0
##$PVM_TaggingOnOff=Off
##$PVM_TaggingPulEnum=<bp>
##$PVM_TaggingPul=(0.2, 6400, 90, No, 3, 1280, 1, 1, 0, 50, 57.2456065579502, 
<bp.exc>)
##$PVM_TaggingPulAmpl=(57.2456065579502, 53.5002834375437, -17.5774216138999)
##$PVM_TaggingMode=SPAMM
##$PVM_TaggingDir=Tagging_grid
##$PVM_TaggingDistance=1
##$PVM_TaggingMinDistance=0.001
##$PVM_TaggingThick=0.2
##$PVM_TaggingOffset1=0
##$PVM_TaggingOffset2=0
##$PVM_TaggingAngle=0
##$PVM_TaggingDelay=0.01
##$PVM_TaggingModuleTime=0
##$PVM_TaggingInterPulseDelay=0.887508786205225
##$PVM_TaggingPulseNumber=5
##$PVM_TaggingPulseElement=0.04
##$PVM_TaggingGradientStrength=5
##$PVM_TaggingGridDelay=0.01
##$PVM_TaggingFL=( 2 )
0 0
##$PVM_TaggingD0=1e-05
##$PVM_TaggingD1=1e-05
##$PVM_TaggingD2=0.000692508786205225
##$PVM_TaggingD3=0.00031
##$PVM_TaggingD4=0.000155
##$PVM_TaggingD5=2.5e-05
##$PVM_TaggingP0=40
##$PVM_TaggingLp0=4
##$PVM_TaggingGradAmp1=5
##$PVM_TaggingGradAmp2=-0
##$PVM_TaggingGradAmp3=0
##$PVM_TaggingGradAmp4=5
##$PVM_TaggingSpoiler=(Yes, 1, 0.465, 38.1252148964597)
##$PVM_SelIrOnOff=On
##$PVM_SelIrInvTime=8.3225
##$PVM_SelIrNSlabs=1
$$ @vis= PVM_TriggerModule PVM_TaggingOnOff PVM_SelIrOnOff PVM_SelIrInvTime
##$PVM_SelIrSlabThick=200
##$PVM_SelIrMinThick=18
##$PVM_SelIrSlabOffset=( 1 )
0
$$ @vis= PVM_SelIrNSlabs PVM_SelIrSlabThick PVM_SelIrMinThick
##$PVM_SelIrPulEnum=<sech>
##$PVM_SelIrPul=(10, 1760, 180, No, 3, 17600, 0.031622776, 0.189614018306272, 
2, 0, 91.5929739781833, <sech.inv>)
##$PVM_SelIrPulAmpl=(91.5929739781833, 67.6731017384985, -19.6186216057248)
##$PVM_SelIrSpoiler=(No, 289.16600625, 2.225, 25)
##$PVM_SelIrModuleTime=12.755
$$ @vis= PVM_SelIrSlabOffset PVM_SelIrPulEnum PVM_SelIrPul PVM_SelIrSpoiler
##$PVM_SelIrOffsetHz=( 1 )
0
##$PVM_SelIrGrad=0.169279925516833
##$PVM_SelIrFL=( 1 )
0
##$PVM_SelIrD0=0
$$ @vis= PVM_SelIrModuleTime PVM_SelIrOffsetHz PVM_SelIrGrad PVM_SelIrFL
##$PVM_SelIrD1=9.99999999999822e-06
##$PVM_SelIrD2=0.002225
##$PVM_SelIrD3=2.5e-05
##$PVM_SelIrD4=0.000155
##$PVM_SelIrP0=10000
$$ @vis= PVM_SelIrD0 PVM_SelIrD1 PVM_SelIrD2 PVM_SelIrD3 PVM_SelIrD4
##$PVM_SelIrL0=1
##$PVM_BlBloodOnOff=Off
##$PVM_FatSupOnOff=Off
$$ @vis= PVM_SelIrP0 PVM_SelIrL0 Selective_IR_Parameters PVM_BlBloodOnOff
##$PVM_FatSupPulEnum=<Calculated>
##$PVM_FatSupPul=(3.99560603455608, 1051.1546843398, 90, Yes, 3, 4200, 
0.236151639875348, 0.200434548747244, 0, 50, 2.57190486825544, 
<$PVM_FatSupPulShape>)
##$PVM_FatSupPulAmpl=(2.57190486825544, 11.3399842774482, -4.10254900505758)
##$PVM_FatSupBandWidth=1051.1546843398
##$PVM_FatSupSpoil=(Yes, 3, 0.738676038618907, 50)
##$PVM_FatSupModuleTime=0
##$PVM_FatSupPerform=No
##$PVM_FatSupRampTime=0.1168
##$PVM_FatSupAmpEnable=0.025
##$PVM_FatSupGradWait=0.01
##$PVM_FatSupFL=( 1 )
-1051.15520694979
##$PVM_FatSupRfLength=3995.60603455608
##$PVM_FatSupSpoilDur=0.583676038618907
##$PVM_FatSupSpoilAmp=50
##$PVM_MagTransOnOff=Off
##$PVM_MagTransPulse1Enum=<gauss>
##$PVM_MagTransPulse1=(1.82666666666667, 1500, 117.1, No, 3, 2740, 0.4181723, 
0.298723764675971, 0, 50, 6.64357425516877, <gauss.exc>)
##$PVM_MagTransPulse1Ampl=(6.64357425516877, 18.2257705669318, 
-8.22401793473025)
##$PVM_MagTransPower=10.0017644460368
##$PVM_MagTransOffset=1500
##$PVM_MagTransInterDelay=0.01
##$PVM_MagTransPulsNumb=1
##$PVM_MagTransSpoil=(Yes, 5, 2, 0.480908879309184)
##$PVM_MagTransSpoiler=0.480908879309184
##$PVM_MagTransModuleTime=0
##$PVM_MagTransFL=( 1 )
1500
##$PVM_MtD0=1e-06
##$PVM_MtD1=1e-06
##$PVM_MtD2=1e-06
##$PVM_MtD3=1e-06
##$PVM_MtP0=10
##$PVM_MtLp0=0
##$PVM_FovSatOnOff=Off
##$PVM_FovSatPulEnum=<sech>
##$PVM_FovSatPul=(4.05, 5000, 90, No, 3, 20250, 0.1064278, 0.189614018306272, 
0, 50, 12.3248583510988, <sech.exc>)
##$PVM_FovSatPulAmpl=(12.3248583510988, 24.8242405232253, -10.9078193665599)
##$PVM_FovSatNSlices=1
##$PVM_FovSatThick=( 1 )
3.48
##$PVM_FovSatOffset=( 1 )
0
##$PVM_FovSatSpoil=(Yes, 10, 0.8, 12.4372986028237)
##$PVM_FovSatSpoilDur=0.645
##$PVM_FovSatSpoilAmp=12.4372986028237
##$PVM_FovSatModuleTime=0
##$PVM_FovSatGrad=( 1, 3 )
0 0 4.97491944112949
##$PVM_FovSatRampTime=0.1168
##$PVM_FovSatAmpEnable=0.025
##$PVM_FovSatGradWait=0.01
##$PVM_FovSatSliceOri=( 1 )
axial
##$PVM_FovSatSliceOriMat=( 1, 9 )
-1 0 0 0 1 0 0 0 -1
##$PVM_FovSatSliceVec=( 1, 3 )
0 0 1
##$PVM_FovSatSlicePos=( 1, 2 )
0 0
##$PVM_FovSatFL=( 1 )
0
##$PVM_FovSatRfLength=4050
##$PVM_FovSatGeoObj=(<>, GeoCuboidPackId, Standard_GobjShape, <>, <>, 0, <> <> 
<>, No, 0)
##$PVM_FovSatGeoCub=( 1 )
(((-1 0 0 0 1 0 0 0 -1, 0 0 0), 58 58 3.48, <+> <+> <+>, 0), 1, 1, 1, 3.48, 0,
 No)
##$PVM_InFlowSatOnOff=Off
##$PVM_InFlowSatNSlices=1
##$PVM_InFlowSatThick=( 1 )
0.103876317930784
##$PVM_InFlowSatMinThick=0.103876317930784
##$PVM_InFlowSatSliceGap=0
##$PVM_FlowSatGeoObj=(<>, GeoCuboidPackId, Standard_GobjShape, <>, <>, 0, <> <>
 <>, No, 0)
##$PVM_FlowSatGeoCub=( 1 )
(((0 0 0 0 0 0 0 0 0, 0 0 0), 0 0 0.103876317930784, <+> <+> <+>, 0), 1, 1, 1,
 0.103876317930784, 0, No)
##$PVM_FlowSatPulEnum=<Calculated>
##$PVM_FlowSatPul=(1.4, 3000, 90, Yes, 3, 4200, 0.236151639875348, 
0.200434548747244, 0, 50, 20.949041152424, <$PVM_FlowSatPulShape>)
##$PVM_FlowSatPulAmpl=(20.949041152424, 32.3643640076736, -13.2116414989224)
##$PVM_InFlowSatSpoil=(Yes, 5, 3.33333333333333, 50)
##$PVM_InFlowSatPos=up
##$PVM_InFlowSatModuleTime=0
##$PVM_InFlowSatFL=( 1 )
261424.499999999
##$PVM_SfD0=0.000155
##$PVM_SfD1=2.5e-05
##$PVM_SfD2=0.00333333333333333
##$PVM_SfP0=1400
##$PVM_SfLp0=1
##$PVM_MotionSupOnOff=Off
##$RFSpoiling=No
$$ @vis= PVM_FatSupOnOff PVM_MagTransOnOff PVM_FovSatOnOff PVM_InFlowSatOnOff
##$AngioMode=No
##$PVM_MapShimReady=No
##$PVM_MapShimLocShim=No
##$PVM_MapShimStatus=( 128 )
<Mapshim disabled: No map acquired>
##$PVM_MapShimCalcStat=( 256 )
<Not Calculated.>
##$PVM_MapShimNSets=1
$$ @vis= RFSpoiling AngioMode Preparation PVM_MapShimReady PVM_MapShimStatus
##$PVM_MapShimSets=( 1 )
(0, 0, 0, 0, 0, 0, 0, 0, 0, 0, 0, 0, 0, 0, 0, 0, 0, 0, 0, 0, 0, 0, 0, 0, 0, 0,
 0, 0, 0, 0, 0, 0, 0, 0, 0, 0, 0, 0, 0)
##$PVM_MapShimNVolumes=1
##$PVM_MapShimVolShape=Ellipsoid
##$PVM_ReqShimEnum=Current_Shim
##$PVM_MapShimUseShims=AllShims
##$PVM_MapShimVolDerive=No
##$PVM_MapShimVolMargin=( 3 )
0 0 0
$$ @vis= PVM_MapShimNSets PVM_MapShimSets PVM_MapShimNVolumes PVM_ReqShimEnum
##$PVM_StartupShimCond=TuneupShim
##$PVM_GeoObj=( 1, 65 )
<PVM_SliceGeoObj>
##$PVM_ExportHandler=( 3 )
(<BRUKER_PARIMPORT_SLICEGEO>, <>, <Slice Geometry>) 
(<BRUKER_PARIMPORT_SLICEORIENT>, <>, <Slice Orientation>) 
(<BRUKER_PARIMPORT_FOVSAT>, <>, <FOV Saturation>)
$$ @vis= MapShim PVM_StartupShimCond StartupShims MethodClass PVM_GeoObj
$$ @vis= PVM_ExportHandler StandardMethodGroup
##END=
$$ File finished by PARX at 2017-07-14 17:14:58.824 +0200
